2.200208604335784912e-01
2.235244214534759521e-01
2.156948894262313843e-01
2.160025238990783691e-01
2.138808369636535645e-01
2.070593833923339844e-01
2.105076611042022705e-01
2.070093452930450439e-01
2.056797742843627930e-01
2.034559994935989380e-01
1.918851137161254883e-01
1.948625147342681885e-01
1.899129450321197510e-01
1.822552680969238281e-01
1.843741685152053833e-01
1.794853061437606812e-01
1.758068501949310303e-01
1.740729957818984985e-01
1.699852645397186279e-01
1.640367954969406128e-01
1.649446487426757812e-01
1.656860411167144775e-01
1.600947976112365723e-01
1.583473384380340576e-01
1.557839363813400269e-01
1.541327685117721558e-01
1.523242294788360596e-01
1.531818360090255737e-01
1.426420807838439941e-01
1.447798013687133789e-01
1.445959508419036865e-01
1.394598633050918579e-01
1.441267281770706177e-01
1.401547193527221680e-01
1.498969197273254395e-01
1.324557214975357056e-01
1.432118117809295654e-01
1.387400329113006592e-01
1.392685920000076294e-01
1.384968608617782593e-01
1.326044648885726929e-01
1.294807791709899902e-01
1.334304213523864746e-01
1.279833614826202393e-01
1.330813020467758179e-01
1.298113018274307251e-01
1.365689784288406372e-01
1.329940408468246460e-01
1.323740482330322266e-01
1.338777691125869751e-01
1.312187463045120239e-01
1.339794397354125977e-01
1.290260851383209229e-01
1.318777501583099365e-01
1.239560320973396301e-01
1.273384988307952881e-01
1.308638304471969604e-01
1.294838488101959229e-01
1.271116733551025391e-01
1.279897391796112061e-01
1.261513829231262207e-01
1.237308084964752197e-01
1.227561309933662415e-01
1.282586008310317993e-01
1.209751442074775696e-01
1.217800229787826538e-01
1.139400452375411987e-01
1.141652241349220276e-01
1.231595054268836975e-01
1.196178868412971497e-01
1.202050298452377319e-01
1.176131516695022583e-01
1.122751533985137939e-01
1.229721307754516602e-01
1.182060390710830688e-01
1.086753532290458679e-01
1.147623658180236816e-01
1.164616271853446960e-01
1.182804256677627563e-01
1.099272742867469788e-01
1.161438375711441040e-01
1.033369526267051697e-01
1.082208231091499329e-01
1.088759824633598328e-01
1.097857728600502014e-01
1.066597476601600647e-01
1.060409918427467346e-01
1.051462516188621521e-01
1.016192883253097534e-01
1.011677682399749756e-01
1.019006222486495972e-01
9.627246856689453125e-02
1.009841188788414001e-01
9.589595347642898560e-02
1.001646071672439575e-01
9.735687822103500366e-02
9.546368569135665894e-02
9.172800928354263306e-02
9.932626783847808838e-02
8.877627551555633545e-02
9.790772944688796997e-02
9.100160002708435059e-02
9.455661475658416748e-02
9.106133133172988892e-02
8.645530045032501221e-02
1.074851304292678833e-01
8.626835793256759644e-02
8.686506748199462891e-02
8.434391021728515625e-02
8.837789297103881836e-02
8.281132578849792480e-02
9.241679310798645020e-02
8.389869332313537598e-02
8.745231479406356812e-02
8.475585281848907471e-02
8.760350197553634644e-02
8.293316513299942017e-02
8.253147453069686890e-02
7.730236649513244629e-02
7.893041521310806274e-02
8.240601420402526855e-02
7.971000671386718750e-02
8.143770694732666016e-02
7.404186576604843140e-02
7.672351598739624023e-02
7.595244050025939941e-02
7.643023878335952759e-02
7.242656499147415161e-02
7.921017706394195557e-02
7.409112155437469482e-02
7.937675714492797852e-02
7.299718260765075684e-02
7.465364038944244385e-02
7.278713583946228027e-02
7.056243717670440674e-02
7.558658719062805176e-02
6.987240910530090332e-02
7.886863499879837036e-02
7.473673671483993530e-02
7.013023644685745239e-02
6.989073008298873901e-02
7.026360929012298584e-02
6.670861691236495972e-02
7.328422367572784424e-02
6.149472296237945557e-02
7.147055864334106445e-02
5.968964844942092896e-02
6.514400243759155273e-02
6.611699610948562622e-02
6.503391265869140625e-02
6.972341984510421753e-02
6.659468263387680054e-02
6.461682915687561035e-02
5.960795283317565918e-02
5.811220780014991760e-02
5.808849632740020752e-02
7.125620543956756592e-02
6.314982473850250244e-02
6.662321835756301880e-02
6.035320833325386047e-02
5.823516100645065308e-02
6.138075143098831177e-02
5.828078091144561768e-02
6.015905737876892090e-02
5.534875765442848206e-02
6.345111876726150513e-02
5.833920836448669434e-02
5.850487947463989258e-02
5.568201094865798950e-02
6.508569419384002686e-02
6.188653782010078430e-02
5.822566151618957520e-02
6.346068531274795532e-02
6.221276521682739258e-02
5.931119993329048157e-02
5.648928135633468628e-02
5.559058859944343567e-02
5.574465543031692505e-02
5.812320113182067871e-02
5.474295467138290405e-02
5.620763078331947327e-02
6.333871930837631226e-02
5.985337868332862854e-02
5.681115761399269104e-02
5.179575085639953613e-02
5.477482452988624573e-02
5.442177504301071167e-02
6.212525069713592529e-02
6.048946827650070190e-02
5.557043477892875671e-02
5.753717198967933655e-02
5.373941361904144287e-02
5.943809822201728821e-02
6.090022251009941101e-02
5.013620853424072266e-02
5.655068159103393555e-02
5.368772521615028381e-02
4.927059262990951538e-02
5.442724749445915222e-02
5.242880433797836304e-02
5.127788707613945007e-02
5.452170222997665405e-02
4.941153526306152344e-02
5.322470143437385559e-02
4.724295064806938171e-02
5.250028148293495178e-02
5.128595978021621704e-02
4.758701473474502563e-02
5.179058015346527100e-02
5.114597454667091370e-02
4.840166866779327393e-02
5.101831629872322083e-02
5.221106112003326416e-02
5.218347534537315369e-02
6.470569968223571777e-02
4.985001683235168457e-02
4.948556423187255859e-02
5.681886523962020874e-02
5.069998651742935181e-02
4.736570268869400024e-02
5.057591199874877930e-02
5.894384533166885376e-02
5.296096950769424438e-02
5.260327085852622986e-02
5.030599981546401978e-02
4.608473554253578186e-02
5.286845192313194275e-02
4.929844662547111511e-02
4.797621071338653564e-02
5.323881283402442932e-02
4.951921105384826660e-02
4.828102886676788330e-02
5.020458996295928955e-02
4.867940768599510193e-02
4.441994428634643555e-02
4.739492014050483704e-02
4.377179592847824097e-02
4.867448657751083374e-02
4.896654933691024780e-02
4.783134534955024719e-02
4.687020927667617798e-02
4.203388467431068420e-02
4.228642210364341736e-02
4.289606958627700806e-02
4.415921121835708618e-02
4.293839633464813232e-02
4.439398646354675293e-02
3.972060233354568481e-02
4.885011166334152222e-02
3.995281085371971130e-02
4.045614600181579590e-02
4.342685639858245850e-02
4.022471606731414795e-02
4.315118864178657532e-02
4.098679497838020325e-02
4.025115072727203369e-02
4.460853338241577148e-02
4.318273067474365234e-02
4.197525978088378906e-02
3.939934447407722473e-02
4.541651904582977295e-02
4.161239415407180786e-02
3.945098444819450378e-02
4.047715663909912109e-02
3.288437053561210632e-02
4.504137486219406128e-02
3.978598862886428833e-02
4.132968932390213013e-02
4.145791381597518921e-02
4.112406447529792786e-02
3.792320191860198975e-02
4.048772156238555908e-02
4.163526371121406555e-02
3.995974734425544739e-02
3.969804942607879639e-02
4.115379601716995239e-02
4.549231752753257751e-02
3.434722870588302612e-02
4.009093716740608215e-02
4.002180323004722595e-02
4.268567264080047607e-02
3.882803395390510559e-02
3.941230848431587219e-02
4.273943603038787842e-02
4.058196023106575012e-02
4.119463264942169189e-02
4.224177822470664978e-02
3.978526964783668518e-02
3.801477327942848206e-02
3.854395821690559387e-02
3.861267864704132080e-02
3.415010124444961548e-02
3.628645464777946472e-02
3.849634900689125061e-02
4.023963958024978638e-02
3.842355310916900635e-02
3.739563375711441040e-02
3.811933845281600952e-02
3.551110997796058655e-02
3.427434712648391724e-02
3.909573331475257874e-02
3.652659803628921509e-02
3.410161659121513367e-02
3.958940133452415466e-02
3.625394776463508606e-02
3.620582073926925659e-02
4.000142961740493774e-02
3.404961898922920227e-02
3.872275352478027344e-02
3.606665134429931641e-02
3.551447764039039612e-02
3.472831845283508301e-02
3.927931934595108032e-02
3.654886782169342041e-02
3.330544009804725647e-02
3.538607805967330933e-02
3.276976943016052246e-02
3.577440604567527771e-02
3.415177017450332642e-02
3.632532805204391479e-02
3.740723431110382080e-02
3.264831751585006714e-02
3.885037451982498169e-02
3.228320181369781494e-02
3.599926084280014038e-02
3.779011219739913940e-02
3.635498881340026855e-02
3.244660049676895142e-02
3.181629627943038940e-02
3.772223368287086487e-02
3.269698098301887512e-02
3.342661261558532715e-02
3.480345383286476135e-02
3.513408824801445007e-02
3.492224216461181641e-02
3.280220553278923035e-02
3.225709870457649231e-02
3.389395400881767273e-02
3.583847731351852417e-02
3.651224449276924133e-02
3.596229106187820435e-02
4.001619666814804077e-02
3.422807529568672180e-02
3.416576609015464783e-02
3.538170084357261658e-02
3.629671409726142883e-02
3.086129203438758850e-02
3.131559118628501892e-02
3.380224853754043579e-02
3.202921524643898010e-02
3.048088029026985168e-02
3.034664876759052277e-02
3.269014507532119751e-02
3.283479064702987671e-02
3.236400708556175232e-02
3.271747007966041565e-02
3.324003517627716064e-02
3.007282130420207977e-02
3.321595117449760437e-02
3.159540146589279175e-02
3.224182128906250000e-02
3.248644247651100159e-02
3.175300732254981995e-02
3.360424563288688660e-02
3.336486220359802246e-02
3.293883427977561951e-02
3.416938334703445435e-02
3.000404685735702515e-02
3.098582848906517029e-02
3.093984164297580719e-02
2.508642710745334625e-02
3.580805286765098572e-02
3.335290774703025818e-02
3.583066165447235107e-02
3.218583762645721436e-02
3.527739644050598145e-02
3.338205069303512573e-02
2.864977344870567322e-02
3.270184248685836792e-02
3.791410475969314575e-02
3.253462910652160645e-02
2.970127761363983154e-02
3.461566939949989319e-02
3.009285964071750641e-02
3.376780450344085693e-02
3.198988363146781921e-02
2.640567347407341003e-02
3.352249041199684143e-02
2.888810075819492340e-02
3.003126010298728943e-02
2.988169901072978973e-02
2.912191487848758698e-02
2.807916142046451569e-02
2.986627817153930664e-02
3.068214282393455505e-02
3.241918981075286865e-02
3.000916913151741028e-02
2.968437410891056061e-02
3.163423389196395874e-02
2.856579795479774475e-02
2.951521053910255432e-02
2.865008078515529633e-02
2.960256114602088928e-02
3.151075169444084167e-02
3.251919150352478027e-02
2.746567502617835999e-02
3.258353099226951599e-02
2.868355251848697662e-02
3.103955090045928955e-02
2.619916573166847229e-02
2.958091534674167633e-02
3.214932233095169067e-02
3.108203783631324768e-02
3.127558529376983643e-02
3.025296889245510101e-02
2.797893248498439789e-02
2.925275638699531555e-02
2.899942360818386078e-02
3.152585774660110474e-02
2.948207780718803406e-02
2.821504697203636169e-02
2.895079925656318665e-02
3.021039068698883057e-02
2.344396337866783142e-02
3.238301724195480347e-02
2.769023180007934570e-02
3.169044107198715210e-02
2.927305735647678375e-02
2.527154237031936646e-02
3.027611784636974335e-02
3.111196495592594147e-02
3.075415827333927155e-02
2.914501167833805084e-02
2.815900556743144989e-02
2.680359035730361938e-02
3.135956078767776489e-02
3.041160292923450470e-02
3.002619743347167969e-02
3.052573651075363159e-02
2.906732633709907532e-02
3.130682930350303650e-02
2.999060228466987610e-02
2.731264010071754456e-02
3.167064487934112549e-02
2.906248718500137329e-02
2.917114086449146271e-02
2.589104138314723969e-02
3.171309828758239746e-02
2.664716728031635284e-02
2.906116656959056854e-02
2.737138606607913971e-02
3.034000843763351440e-02
2.619386091828346252e-02
2.637172117829322815e-02
2.644838578999042511e-02
2.785682864487171173e-02
2.463835477828979492e-02
3.169722110033035278e-02
2.997434511780738831e-02
2.707430161535739899e-02
2.617571130394935608e-02
2.738819271326065063e-02
2.750713750720024109e-02
2.802442014217376709e-02
2.906975522637367249e-02
2.700445801019668579e-02
2.885147184133529663e-02
2.754943817853927612e-02
2.826147526502609253e-02
3.019715286791324615e-02
2.753724157810211182e-02
2.880601398646831512e-02
2.670367993414402008e-02
2.764668874442577362e-02
2.647456154227256775e-02
2.952012605965137482e-02
3.006268292665481567e-02
2.914427593350410461e-02
2.791598439216613770e-02
3.227930143475532532e-02
2.555959299206733704e-02
2.769522741436958313e-02
2.693903818726539612e-02
2.707019820809364319e-02
2.676882222294807434e-02
2.658749930560588837e-02
2.831466309726238251e-02
2.670535445213317871e-02
2.585369907319545746e-02
2.542280219495296478e-02
2.522465586662292480e-02
2.628201805055141449e-02
2.654034644365310669e-02
2.730598300695419312e-02
2.698624879121780396e-02
2.600076794624328613e-02
2.546228840947151184e-02
2.819241583347320557e-02
2.434603124856948853e-02
2.723025903105735779e-02
2.602723613381385803e-02
2.655537799000740051e-02
2.677677012979984283e-02
2.762065269052982330e-02
2.536683529615402222e-02
2.722515538334846497e-02
2.484552934765815735e-02
2.520439028739929199e-02
2.895399555563926697e-02
2.474654838442802429e-02
2.447275258600711823e-02
2.333570085465908051e-02
2.425356954336166382e-02
2.413899637758731842e-02
2.365827932953834534e-02
2.570005878806114197e-02
2.317243069410324097e-02
2.550050802528858185e-02
2.563152275979518890e-02
2.600020170211791992e-02
2.577264606952667236e-02
3.053650446236133575e-02
2.332230657339096069e-02
2.461331151425838470e-02
2.542571537196636200e-02
2.365525625646114349e-02
2.464522048830986023e-02
2.397212386131286621e-02
2.719109877943992615e-02
2.552072145044803619e-02
2.315408177673816681e-02
2.543886564671993256e-02
2.331059426069259644e-02
2.332820743322372437e-02
2.497909031808376312e-02
2.752176299691200256e-02
2.313649468123912811e-02
2.448135800659656525e-02
2.456810697913169861e-02
2.528343535959720612e-02
2.233657427132129669e-02
2.456756494939327240e-02
2.613047696650028229e-02
2.413129992783069611e-02
2.454892732203006744e-02
2.361363172531127930e-02
2.626402303576469421e-02
2.305351570248603821e-02
2.612783201038837433e-02
2.344948425889015198e-02
2.438215166330337524e-02
2.412631735205650330e-02
2.409950271248817444e-02
2.764086052775382996e-02
2.706882916390895844e-02
2.672663517296314240e-02
2.616490796208381653e-02
2.748989313840866089e-02
2.771790139377117157e-02
2.924035489559173584e-02
2.793160453438758850e-02
3.122914023697376251e-02
2.505436539649963379e-02
2.385727874934673309e-02
2.607824280858039856e-02
2.647195011377334595e-02
2.455143444240093231e-02
2.516475506126880646e-02
2.485080435872077942e-02
2.371782995760440826e-02
2.470080927014350891e-02
2.504814788699150085e-02
2.733512036502361298e-02
2.382778748869895935e-02
2.220728993415832520e-02
2.424994297325611115e-02
2.557580359280109406e-02
2.339625917375087738e-02
2.413544058799743652e-02
2.651967853307723999e-02
2.290681190788745880e-02
2.675503492355346680e-02
3.217260912060737610e-02
2.290314063429832458e-02
2.534133568406105042e-02
2.565290778875350952e-02
2.787793613970279694e-02
3.046079725027084351e-02
2.779658697545528412e-02
3.030333109200000763e-02
2.823515236377716064e-02
2.690811082720756531e-02
2.583279646933078766e-02
2.477714046835899353e-02
2.390117198228836060e-02
2.835606411099433899e-02
2.530800923705101013e-02
2.716968581080436707e-02
2.791944146156311035e-02
2.772174030542373657e-02
2.458247728645801544e-02
2.544242888689041138e-02
2.280519530177116394e-02
2.566322870552539825e-02
2.453152090311050415e-02
2.275026217103004456e-02
2.348859235644340515e-02
2.669492177665233612e-02
2.518618851900100708e-02
2.416172437369823456e-02
2.434963174164295197e-02
2.297709882259368896e-02
2.285048365592956543e-02
2.416175603866577148e-02
2.156698517501354218e-02
2.443035505712032318e-02
2.126351930201053619e-02
2.207241766154766083e-02
2.627154439687728882e-02
2.424100413918495178e-02
2.509203180670738220e-02
2.186833694577217102e-02
2.207071520388126373e-02
2.426466904580593109e-02
2.414355799555778503e-02
2.543104998767375946e-02
2.198029123246669769e-02
2.492915093898773193e-02
2.300160378217697144e-02
2.590855956077575684e-02
2.505164220929145813e-02
2.182042226195335388e-02
2.430406957864761353e-02
2.194016054272651672e-02
2.392495423555374146e-02
2.580863982439041138e-02
2.176872268319129944e-02
2.389838546514511108e-02
2.774940431118011475e-02
2.373734116554260254e-02
2.622138708829879761e-02
2.161434665322303772e-02
2.341352775692939758e-02
2.362864091992378235e-02
2.462406456470489502e-02
2.325566671788692474e-02
2.395642548799514771e-02
2.368276566267013550e-02
2.679449506103992462e-02
2.425072900950908661e-02
2.365738712251186371e-02
2.495458722114562988e-02
2.461793646216392517e-02
2.090991288423538208e-02
2.579269185662269592e-02
2.234572544693946838e-02
2.182340063154697418e-02
2.191337570548057556e-02
2.294054441154003143e-02
2.167168073356151581e-02
2.110761776566505432e-02
2.455842122435569763e-02
2.254197373986244202e-02
2.176828868687152863e-02
2.408740669488906860e-02
2.208266220986843109e-02
2.596003003418445587e-02
2.062141709029674530e-02
2.178994566202163696e-02
2.329435199499130249e-02
2.483624778687953949e-02
2.463852614164352417e-02
2.065630443394184113e-02
2.357602864503860474e-02
2.272387221455574036e-02
2.402394451200962067e-02
2.402275428175926208e-02
2.288331836462020874e-02
2.600388601422309875e-02
2.408852428197860718e-02
2.219199948012828827e-02
2.088913880288600922e-02
2.241691015660762787e-02
2.093667164444923401e-02
2.328200452029705048e-02
2.170263417065143585e-02
2.305903844535350800e-02
2.211777493357658386e-02
2.682734280824661255e-02
2.289612405002117157e-02
2.167718857526779175e-02
2.416850440204143524e-02
2.073274552822113037e-02
2.079328894615173340e-02
2.252661436796188354e-02
2.261830866336822510e-02
1.881651580333709717e-02
1.966224238276481628e-02
2.008545398712158203e-02
2.180678397417068481e-02
2.048384211957454681e-02
2.324769459664821625e-02
1.938647031784057617e-02
2.317540533840656281e-02
1.933118700981140137e-02
2.202605456113815308e-02
2.155484445393085480e-02
2.302032709121704102e-02
2.281719259917736053e-02
2.003644965589046478e-02
2.080502547323703766e-02
2.249771915376186371e-02
1.971471868455410004e-02
2.176588214933872223e-02
2.015283331274986267e-02
2.178653143346309662e-02
2.007853798568248749e-02
2.111506089568138123e-02
2.071826532483100891e-02
2.055099420249462128e-02
1.872760802507400513e-02
2.112976089119911194e-02
1.979200914502143860e-02
2.240813896059989929e-02
2.086565457284450531e-02
2.130743116140365601e-02
1.922804489731788635e-02
1.847860962152481079e-02
1.971468143165111542e-02
1.995757594704627991e-02
2.566798217594623566e-02
2.316371910274028778e-02
2.550045400857925415e-02
2.332502976059913635e-02
2.402531355619430542e-02
2.112746424973011017e-02
2.422962896525859833e-02
2.251504734158515930e-02
2.418235875666141510e-02
2.328573539853096008e-02
2.155247330665588379e-02
2.324695140123367310e-02
2.179288305342197418e-02
2.149814553558826447e-02
2.170491218566894531e-02
1.995871588587760925e-02
2.323664538562297821e-02
2.161313965916633606e-02
2.277950197458267212e-02
2.232445031404495239e-02
2.019262500107288361e-02
2.098118327558040619e-02
2.059638686478137970e-02
2.018072642385959625e-02
2.123607508838176727e-02
2.167579717934131622e-02
2.449553087353706360e-02
2.203557267785072327e-02
2.253714390099048615e-02
2.032403461635112762e-02
2.295434847474098206e-02
2.216978929936885834e-02
2.123410627245903015e-02
2.167632617056369781e-02
1.997419260442256927e-02
2.323304675519466400e-02
2.197371236979961395e-02
2.209404669702053070e-02
2.041138708591461182e-02
2.103646844625473022e-02
2.026710659265518188e-02
2.154953777790069580e-02
2.164817973971366882e-02
2.258752100169658661e-02
2.192292362451553345e-02
2.065592259168624878e-02
2.242188714444637299e-02
2.934682741761207581e-02
2.248658239841461182e-02
2.949962951242923737e-02
3.834624588489532471e-02
2.920589223504066467e-02
2.682402916252613068e-02
2.420522086322307587e-02
2.854878455400466919e-02
2.588602714240550995e-02
2.802334725856781006e-02
2.734582126140594482e-02
2.949628792703151703e-02
2.454917877912521362e-02
2.667501941323280334e-02
2.374908141791820526e-02
2.359816431999206543e-02
2.364514395594596863e-02
2.870229072868824005e-02
2.385617233812808990e-02
2.343573607504367828e-02
2.269222028553485870e-02
2.194394171237945557e-02
2.198479138314723969e-02
2.238906174898147583e-02
2.242412604391574860e-02
2.100361883640289307e-02
2.105567790567874908e-02
2.265883982181549072e-02
2.133250236511230469e-02
2.002678997814655304e-02
1.825817860662937164e-02
1.940467581152915955e-02
2.080775611102581024e-02
2.104669064283370972e-02
1.917418278753757477e-02
1.845568232238292694e-02
1.980772987008094788e-02
2.228029817342758179e-02
2.060195431113243103e-02
1.895374804735183716e-02
1.970122382044792175e-02
2.021710015833377838e-02
2.129374258220195770e-02
2.102102525532245636e-02
2.045655995607376099e-02
2.104558423161506653e-02
2.137302234768867493e-02
1.992525160312652588e-02
1.944558322429656982e-02
1.941135711967945099e-02
2.134432084858417511e-02
2.156617492437362671e-02
2.071259915828704834e-02
2.127685211598873138e-02
1.889146305620670319e-02
2.302470616996288300e-02
2.036342769861221313e-02
1.991453580558300018e-02
2.022138237953186035e-02
1.822632178664207458e-02
2.123915031552314758e-02
2.083492837846279144e-02
1.920042932033538818e-02
2.124317362904548645e-02
1.933692395687103271e-02
2.016199938952922821e-02
1.863038167357444763e-02
2.166789583861827850e-02
1.801019161939620972e-02
2.069019339978694916e-02
1.744891889393329620e-02
2.081383392214775085e-02
1.830320991575717926e-02
2.030923217535018921e-02
1.865150034427642822e-02
1.831126958131790161e-02
2.160262130200862885e-02
1.891824789345264435e-02
2.015732415020465851e-02
2.162481099367141724e-02
1.930500566959381104e-02
2.077988162636756897e-02
2.048303931951522827e-02
1.895626448094844818e-02
1.892901211977005005e-02
1.886464841663837433e-02
1.927658915519714355e-02
2.117762342095375061e-02
1.995290070772171021e-02
1.941390149295330048e-02
1.658553257584571838e-02
1.873811148107051849e-02
2.020220458507537842e-02
1.883991807699203491e-02
1.827988773584365845e-02
1.911570504307746887e-02
1.962455548346042633e-02
1.899756491184234619e-02
1.837000250816345215e-02
1.771701127290725708e-02
1.894230395555496216e-02
1.976928673684597015e-02
1.823383383452892303e-02
1.875598356127738953e-02
1.791783422231674194e-02
1.876385323703289032e-02
1.845373585820198059e-02
1.856751739978790283e-02
1.883553527295589447e-02
1.911128312349319458e-02
1.891111209988594055e-02
1.776995882391929626e-02
1.789168640971183777e-02
1.766405813395977020e-02
1.885567978024482727e-02
2.065695449709892273e-02
2.091351896524429321e-02
1.821382716298103333e-02
1.877585798501968384e-02
1.874103397130966187e-02
1.830541342496871948e-02
2.007054165005683899e-02
1.575757004320621490e-02
1.696759089827537537e-02
1.846803165972232819e-02
1.704014092683792114e-02
1.982947997748851776e-02
2.016177959740161896e-02
1.937470585107803345e-02
2.062491327524185181e-02
1.877399906516075134e-02
1.904862001538276672e-02
2.481769956648349762e-02
2.031647972762584686e-02
2.069501206278800964e-02
2.048928104341030121e-02
1.964247226715087891e-02
2.114774286746978760e-02
1.816228218376636505e-02
1.952402293682098389e-02
1.806822232902050018e-02
1.803540624678134918e-02
1.811050251126289368e-02
1.860576495528221130e-02
1.766841486096382141e-02
1.892674155533313751e-02
1.694786362349987030e-02
1.858730055391788483e-02
1.927814818918704987e-02
1.723559387028217316e-02
1.727720908820629120e-02
1.869175210595130920e-02
1.876636408269405365e-02
1.788708940148353577e-02
1.664815098047256470e-02
1.628811471164226532e-02
1.826555654406547546e-02
1.737620495259761810e-02
1.995907910168170929e-02
1.839408278465270996e-02
1.904507912695407867e-02
1.786288060247898102e-02
1.834161952137947083e-02
1.933378353714942932e-02
1.924620009958744049e-02
2.115496434271335602e-02
1.756731607019901276e-02
2.140176855027675629e-02
1.910954527556896210e-02
2.038373425602912903e-02
2.054089494049549103e-02
1.977457851171493530e-02
1.962386444211006165e-02
1.865325868129730225e-02
1.986215822398662567e-02
2.000783011317253113e-02
1.669381186366081238e-02
2.428100071847438812e-02
1.863193884491920471e-02
2.233804948627948761e-02
2.113721705973148346e-02
2.014462836086750031e-02
2.067584171891212463e-02
2.073093503713607788e-02
1.969950459897518158e-02
1.737874001264572144e-02
1.916453428566455841e-02
1.692475005984306335e-02
1.885764859616756439e-02
1.884658820927143097e-02
1.877809315919876099e-02
2.013381570577621460e-02
1.813150383532047272e-02
1.876824349164962769e-02
1.742655038833618164e-02
2.136938087642192841e-02
2.015574835240840912e-02
1.897341758012771606e-02
1.865193992853164673e-02
1.984177343547344208e-02
2.124887704849243164e-02
2.193886414170265198e-02
2.091563306748867035e-02
1.813201420009136200e-02
2.123432047665119171e-02
1.782453432679176331e-02
1.954428851604461670e-02
1.749129593372344971e-02
1.931618340313434601e-02
1.955469697713851929e-02
2.055984735488891602e-02
1.772001571953296661e-02
1.821923628449440002e-02
1.898326352238655090e-02
1.773284748196601868e-02
1.755760051310062408e-02
1.805974915623664856e-02
1.841815933585166931e-02
1.769155263900756836e-02
1.661665365099906921e-02
1.934540271759033203e-02
1.680136471986770630e-02
1.671465300023555756e-02
1.721693575382232666e-02
1.662481203675270081e-02
1.674232818186283112e-02
1.700579561293125153e-02
1.686793565750122070e-02
1.819169893860816956e-02
1.325014978647232056e-02
1.891204528510570526e-02
1.768003590404987335e-02
1.822518184781074524e-02
1.780395023524761200e-02
1.736704073846340179e-02
1.548004988580942154e-02
2.221336588263511658e-02
1.938264258205890656e-02
2.065064571797847748e-02
1.998219452798366547e-02
2.088588662445545197e-02
1.978829316794872284e-02
1.848530955612659454e-02
1.878829672932624817e-02
1.882483996450901031e-02
1.746799238026142120e-02
1.960103213787078857e-02
1.957114413380622864e-02
2.146297693252563477e-02
2.061737328767776489e-02
2.145884558558464050e-02
2.122890390455722809e-02
1.836887188255786896e-02
1.901283115148544312e-02
1.670809462666511536e-02
1.646453514695167542e-02
2.017053589224815369e-02
2.047722972929477692e-02
2.087220922112464905e-02
1.729403994977474213e-02
1.801849342882633209e-02
2.081786096096038818e-02
1.786723360419273376e-02
1.938008889555931091e-02
1.708954758942127228e-02
1.906855776906013489e-02
1.794311031699180603e-02
1.777224987745285034e-02
1.741638779640197754e-02
1.716769114136695862e-02
2.109433151781558990e-02
1.668210886418819427e-02
1.753406226634979248e-02
1.729479059576988220e-02
1.655723899602890015e-02
1.777243614196777344e-02
1.813132502138614655e-02
1.672223955392837524e-02
2.247808501124382019e-02
1.873977854847908020e-02
1.881406456232070923e-02
1.910546235740184784e-02
2.022729814052581787e-02
