1.300949662326337797e-01
5.845184284013799081e-02
4.037920052504946622e-02
3.987024519905955910e-02
3.030064805429543220e-02
2.780420731857464328e-02
2.604713733195246697e-02
2.389090015333581590e-02
2.225650413695756322e-02
2.163126056037949912e-02
2.159218266405436501e-02
1.926117915844854228e-02
1.734826983324541660e-02
1.769148842383473988e-02
1.691123402769134643e-02
1.665179288152326617e-02
1.618172656418264896e-02
1.726054018431716353e-02
1.542468692568113760e-02
2.087556495879362706e-02
