1.312720964582698435e-01
6.078906836328661772e-02
4.169395941659289478e-02
3.515640861343746759e-02
3.147158698036201657e-02
2.822356060078088508e-02
2.788212147954340428e-02
2.540727252044007109e-02
2.360469328289132793e-02
2.404990366359600201e-02
2.401160671866162805e-02
2.052486565678533423e-02
1.951553863736677982e-02
2.117057393341787927e-02
1.711108499283472625e-02
1.829443717630329161e-02
1.544802387226816565e-02
3.433116548402861956e-02
4.766620787462989839e-02
4.127147917561752033e-02
3.195665785500115263e-02
2.384384006593673333e-02
2.161803658930375877e-02
1.909704541497975194e-02
1.978111098580307564e-02
2.041089851707748523e-02
1.834943265120148742e-02
2.101265546590136077e-02
2.324943186235051834e-02
1.872250635877981476e-02
1.812601410025125107e-02
1.663059217751817684e-02
1.553063920887444958e-02
1.467833632167365315e-02
1.554338668161539018e-02
1.416784725877175827e-02
1.386114328511108690e-02
1.372171209776964704e-02
1.291972547047814598e-02
2.980750754015024442e-02
3.260071429304892826e-02
5.196963160420556976e-02
2.941631858560797563e-02
3.006369381720398054e-02
4.059175804235815033e-02
2.371936954407968812e-02
2.387365236682708822e-02
2.099045430186232200e-02
2.073815010886845972e-02
1.797768307645429206e-02
1.688519375984790308e-02
1.619487571894955708e-02
1.789236086740983445e-02
1.647675280457039371e-02
1.550813319491987051e-02
1.493107152361213170e-02
2.435249988881226305e-02
2.032016240272012733e-02
1.845989189130553196e-02
1.595504994524568620e-02
