1.386833563446998596e-02
1.299605518579483032e-02
1.310243643820285797e-02
1.367166545242071152e-02
1.436017826199531555e-02
1.500263437628746033e-02
1.321952603757381439e-02
1.522988639771938324e-02
1.543872896581888199e-02
1.501271873712539673e-02
1.548902131617069244e-02
1.384095288813114166e-02
1.343531440943479538e-02
1.505020447075366974e-02
1.441158354282379150e-02
1.391920633614063263e-02
1.256573013961315155e-02
1.410063635557889938e-02
1.527881622314453125e-02
1.387455314397811890e-02
1.295639760792255402e-02
1.341207697987556458e-02
1.175854913890361786e-02
1.364557445049285889e-02
1.403171103447675705e-02
1.306880544871091843e-02
1.396180968731641769e-02
1.213202998042106628e-02
1.282978150993585587e-02
1.427805610001087189e-02
1.396340876817703247e-02
1.328194141387939453e-02
1.340328063815832138e-02
1.399480830878019333e-02
1.343307830393314362e-02
1.248410250991582870e-02
1.434148754924535751e-02
1.275798492133617401e-02
1.348579674959182739e-02
1.353276986628770828e-02
1.396355312317609787e-02
1.101508270949125290e-02
1.198886521160602570e-02
1.455976441502571106e-02
1.255399454385042191e-02
1.248827856034040451e-02
1.282522175461053848e-02
1.363234128803014755e-02
1.160021871328353882e-02
1.065084710717201233e-02
1.218898128718137741e-02
1.358571276068687439e-02
1.313425879925489426e-02
1.121541485190391541e-02
1.340536214411258698e-02
1.143270730972290039e-02
1.151026692241430283e-02
1.196796726435422897e-02
1.314271707087755203e-02
1.293347310274839401e-02
1.181203685700893402e-02
1.402807049453258514e-02
1.346637681126594543e-02
1.360323093831539154e-02
1.330116670578718185e-02
1.161412335932254791e-02
1.193160470575094223e-02
1.564195752143859863e-02
1.299936603754758835e-02
1.242918148636817932e-02
1.215517427772283554e-02
1.215790957212448120e-02
1.185225881636142731e-02
1.330306846648454666e-02
1.313216052949428558e-02
1.218834705650806427e-02
1.234163623303174973e-02
1.413114089518785477e-02
1.171384751796722412e-02
1.406299509108066559e-02
1.236271392554044724e-02
1.121462322771549225e-02
1.231390796601772308e-02
1.578111015260219574e-02
1.136212795972824097e-02
1.226293388754129410e-02
1.268676668405532837e-02
1.241000927984714508e-02
1.337904762476682663e-02
1.220645941793918610e-02
1.319087296724319458e-02
1.393880601972341537e-02
1.170421577990055084e-02
1.248384732753038406e-02
1.280846633017063141e-02
1.562196295708417892e-02
1.393609773367643356e-02
1.218985393643379211e-02
1.344530284404754639e-02
1.143263187259435654e-02
1.247639674693346024e-02
1.112099457532167435e-02
1.225634664297103882e-02
1.308115012943744659e-02
1.102108508348464966e-02
1.475248113274574280e-02
1.134003512561321259e-02
1.179821416735649109e-02
1.392611674964427948e-02
1.351057086139917374e-02
1.247596275061368942e-02
1.453223265707492828e-02
1.242668088525533676e-02
1.329046767204999924e-02
1.503484044224023819e-02
1.157456915825605392e-02
1.356452610343694687e-02
1.721883751451969147e-02
1.325466576963663101e-02
1.376077532768249512e-02
1.412475481629371643e-02
1.221791654825210571e-02
1.408091466873884201e-02
1.437516696751117706e-02
1.290267519652843475e-02
1.649984903633594513e-02
1.589434780180454254e-02
1.412754040211439133e-02
1.458730548620223999e-02
1.503262389451265335e-02
1.306697074323892593e-02
1.346066407859325409e-02
1.250150613486766815e-02
1.291728764772415161e-02
1.275357045233249664e-02
1.063416898250579834e-02
1.257177814841270447e-02
1.268299575895071030e-02
1.424526702612638474e-02
1.444969698786735535e-02
1.256402023136615753e-02
1.232160720974206924e-02
1.307893171906471252e-02
1.191737130284309387e-02
1.323003135621547699e-02
1.151313073933124542e-02
1.187208108603954315e-02
1.146876160055398941e-02
1.438646297901868820e-02
1.260605361312627792e-02
1.270237937569618225e-02
1.124565210193395615e-02
1.275908108800649643e-02
1.447736285626888275e-02
1.133059058338403702e-02
1.194338593631982803e-02
1.258008740842342377e-02
1.206446345895528793e-02
1.197886373847723007e-02
1.286895386874675751e-02
1.213723048567771912e-02
1.445218920707702637e-02
1.226459816098213196e-02
1.222528144717216492e-02
1.132512837648391724e-02
1.159187499433755875e-02
1.408346462994813919e-02
1.069640275090932846e-02
1.280089560896158218e-02
1.354755181819200516e-02
1.251300610601902008e-02
1.201772317290306091e-02
1.107393763959407806e-02
1.229634601622819901e-02
1.212888117879629135e-02
1.219312101602554321e-02
1.203589327633380890e-02
1.124950125813484192e-02
1.120289508253335953e-02
1.188926864415407181e-02
1.304962858557701111e-02
1.119440700858831406e-02
1.132826413959264755e-02
1.265532523393630981e-02
1.074605248868465424e-02
1.179836876690387726e-02
1.147340703755617142e-02
1.237600855529308319e-02
1.209682412445545197e-02
1.121608354151248932e-02
1.180167403072118759e-02
1.229323446750640869e-02
1.091278623789548874e-02
1.080948766320943832e-02
1.021589804440736771e-02
1.416879985481500626e-02
1.375913713127374649e-02
1.201383024454116821e-02
1.261457055807113647e-02
1.174754276871681213e-02
1.246955059468746185e-02
1.076653413474559784e-02
1.098172646015882492e-02
1.151780877262353897e-02
1.211558002978563309e-02
1.186081022024154663e-02
1.041453517973423004e-02
1.174469292163848877e-02
1.143901236355304718e-02
9.980001486837863922e-03
1.204206421971321106e-02
1.391800027340650558e-02
1.155188120901584625e-02
1.223396230489015579e-02
1.416961289942264557e-02
1.379721891134977341e-02
1.234445907175540924e-02
1.149330846965312958e-02
1.251654233783483505e-02
1.234174706041812897e-02
1.238373201340436935e-02
1.407107524573802948e-02
1.064826548099517822e-02
1.266125030815601349e-02
1.118708681315183640e-02
1.169505994766950607e-02
1.194518525153398514e-02
1.311327051371335983e-02
1.234388817101716995e-02
1.408272515982389450e-02
1.480805035680532455e-02
1.261699758470058441e-02
1.484180148690938950e-02
1.556650549173355103e-02
1.306939870119094849e-02
1.575222797691822052e-02
1.453323382884263992e-02
1.307719480246305466e-02
1.235155947506427765e-02
1.441417168825864792e-02
1.310548838227987289e-02
1.388462912291288376e-02
1.445809751749038696e-02
1.391781121492385864e-02
1.267956849187612534e-02
1.176013145595788956e-02
1.270176749676465988e-02
1.415409706532955170e-02
1.192818209528923035e-02
1.318613626062870026e-02
1.169261336326599121e-02
1.201101578772068024e-02
1.248762011528015137e-02
1.155517809092998505e-02
1.281926222145557404e-02
1.105376705527305603e-02
1.221462432295084000e-02
1.221853494644165039e-02
1.152124069631099701e-02
1.040314417332410812e-02
1.247910503298044205e-02
1.158565562218427658e-02
1.041758246719837189e-02
1.182350050657987595e-02
1.498172804713249207e-02
1.333366893231868744e-02
1.075918506830930710e-02
1.120680477470159531e-02
1.280725747346878052e-02
1.168658025562763214e-02
1.261794101446866989e-02
1.111840922385454178e-02
1.132694259285926819e-02
1.201602816581726074e-02
1.284927036613225937e-02
1.203907188028097153e-02
1.305116806179285049e-02
1.272997539490461349e-02
1.195373572409152985e-02
1.183593925088644028e-02
1.265673059970140457e-02
1.085668895393610001e-02
1.153337769210338593e-02
1.239413861185312271e-02
1.229236740618944168e-02
1.206634752452373505e-02
1.136681251227855682e-02
1.275811344385147095e-02
1.220693998038768768e-02
1.179797854274511337e-02
1.171128172427415848e-02
1.039997115731239319e-02
1.134224049746990204e-02
1.222204975783824921e-02
1.184050366282463074e-02
1.155714225023984909e-02
1.417228300124406815e-02
1.105757430195808411e-02
1.329308748245239258e-02
1.078932546079158783e-02
1.091122720390558243e-02
1.286397501826286316e-02
1.191767212003469467e-02
1.353898178786039352e-02
1.143978349864482880e-02
1.236408855766057968e-02
1.104605197906494141e-02
1.684798672795295715e-02
1.408007368445396423e-02
1.087969541549682617e-02
1.485940907150506973e-02
1.392406970262527466e-02
1.213707961142063141e-02
1.450102310627698898e-02
1.288223266601562500e-02
1.520962081849575043e-02
1.387399062514305115e-02
1.139435824006795883e-02
1.318434905260801315e-02
1.452552340924739838e-02
1.300178188830614090e-02
1.527257543057203293e-02
1.355071831494569778e-02
1.367724779993295670e-02
1.480429805815219879e-02
1.216686051338911057e-02
1.421692594885826111e-02
1.454041246324777603e-02
1.470538228750228882e-02
1.345992926508188248e-02
1.697738468647003174e-02
1.413786411285400391e-02
1.496708113700151443e-02
1.529625430703163147e-02
1.507228519767522812e-02
1.318559050559997559e-02
1.694859005510807037e-02
1.646517589688301086e-02
1.707405783236026764e-02
1.491507235914468765e-02
1.374741736799478531e-02
1.373940985649824142e-02
1.366426609456539154e-02
1.740266382694244385e-02
1.644328795373439789e-02
1.662753894925117493e-02
1.245996635407209396e-02
1.380508951842784882e-02
1.172712352126836777e-02
1.202787365764379501e-02
1.405055727809667587e-02
1.777407154440879822e-02
1.619415916502475739e-02
1.434850227087736130e-02
1.399621646851301193e-02
1.266794279217720032e-02
1.433251332491636276e-02
1.297730021178722382e-02
1.477512624114751816e-02
1.519734691828489304e-02
1.290817745029926300e-02
1.301174238324165344e-02
1.383750606328248978e-02
1.298101618885993958e-02
1.119555067270994186e-02
1.258544251322746277e-02
1.354619022458791733e-02
1.584582962095737457e-02
1.174159441143274307e-02
1.502681057900190353e-02
1.167628541588783264e-02
1.265047490596771240e-02
1.370635814964771271e-02
1.183750480413436890e-02
1.346075348556041718e-02
1.188869215548038483e-02
1.428570039570331573e-02
1.264405436813831329e-02
1.255035493522882462e-02
1.191918831318616867e-02
1.424119248986244202e-02
1.193332578986883163e-02
1.219575945287942886e-02
1.279619336128234863e-02
1.343220844864845276e-02
1.424232963472604752e-02
1.124468911439180374e-02
1.416956819593906403e-02
1.225023064762353897e-02
1.214064378291368484e-02
1.233933586627244949e-02
1.243068743497133255e-02
1.256977114826440811e-02
1.453268155455589294e-02
1.144250389188528061e-02
1.286652684211730957e-02
1.281499676406383514e-02
1.525710057467222214e-02
1.458210591226816177e-02
1.338016521185636520e-02
1.251354720443487167e-02
1.507242582738399506e-02
1.337721571326255798e-02
1.120199635624885559e-02
1.167524792253971100e-02
1.269526686519384384e-02
1.478781923651695251e-02
1.223469059914350510e-02
1.694932766258716583e-02
1.333655137568712234e-02
1.390757318586111069e-02
1.578203774988651276e-02
1.284674927592277527e-02
1.357233338057994843e-02
1.471931673586368561e-02
1.433675363659858704e-02
1.279561407864093781e-02
1.529189385473728180e-02
1.449254713952541351e-02
1.285384781658649445e-02
1.436454430222511292e-02
1.281113084405660629e-02
1.444533932954072952e-02
1.205343380570411682e-02
1.599094085395336151e-02
1.069956459105014801e-02
1.373136509209871292e-02
1.240274589508771896e-02
1.251082308590412140e-02
1.349979545921087265e-02
1.503526885062456131e-02
1.248205266892910004e-02
1.272852346301078796e-02
1.518517453223466873e-02
1.204070728272199631e-02
1.199608854949474335e-02
1.302268914878368378e-02
1.177142653614282608e-02
1.363029051572084427e-02
1.089326012879610062e-02
1.207087561488151550e-02
1.424178481101989746e-02
1.136497873812913895e-02
1.211101282387971878e-02
1.145669259130954742e-02
1.238813903182744980e-02
1.254194043576717377e-02
1.267957594245672226e-02
1.531595829874277115e-02
1.153660938143730164e-02
1.269952673465013504e-02
1.286472473293542862e-02
1.217660028487443924e-02
1.313574984669685364e-02
1.241408754140138626e-02
1.268781255930662155e-02
1.295479666441679001e-02
1.281498931348323822e-02
1.160522084683179855e-02
1.424153521656990051e-02
1.396870799362659454e-02
1.413876190781593323e-02
1.498744171112775803e-02
1.610607281327247620e-02
1.546125300228595734e-02
1.956593617796897888e-02
2.711650356650352478e-02
3.232800215482711792e-02
3.394035249948501587e-02
2.871012687683105469e-02
2.251565270125865936e-02
1.880234107375144958e-02
3.086154721677303314e-02
2.797648869454860687e-02
2.945555560290813446e-02
2.111178264021873474e-02
2.295805886387825012e-02
2.116618119180202484e-02
2.380016632378101349e-02
2.423529885709285736e-02
1.812126114964485168e-02
2.366555109620094299e-02
2.373517863452434540e-02
2.066169306635856628e-02
1.889585517346858978e-02
1.728319190442562103e-02
1.879629120230674744e-02
2.212096005678176880e-02
1.956446468830108643e-02
2.104655466973781586e-02
1.481306273490190506e-02
1.785595528781414032e-02
1.884585991501808167e-02
1.876988820731639862e-02
2.059657871723175049e-02
1.890041679143905640e-02
1.793138310313224792e-02
2.063154801726341248e-02
1.938122510910034180e-02
1.813458092510700226e-02
2.323743514716625214e-02
3.021805360913276672e-02
2.545804902911186218e-02
2.887364290654659271e-02
2.711464837193489075e-02
2.238902822136878967e-02
1.923364587128162384e-02
2.532368153333663940e-02
2.647346816956996918e-02
2.254338562488555908e-02
2.084919624030590057e-02
2.146470174193382263e-02
2.169372700154781342e-02
2.107256092131137848e-02
1.897960156202316284e-02
1.937656849622726440e-02
1.554821804165840149e-02
1.824144273996353149e-02
1.862226054072380066e-02
1.601213961839675903e-02
1.626851595938205719e-02
1.845313236117362976e-02
1.667349785566329956e-02
1.863001100718975067e-02
1.962986961007118225e-02
2.070603333413600922e-02
1.349693536758422852e-02
1.625517569482326508e-02
2.390937693417072296e-02
1.756021752953529358e-02
1.972966827452182770e-02
2.215021476149559021e-02
1.543250959366559982e-02
1.671367697417736053e-02
1.826448552310466766e-02
2.255488559603691101e-02
1.580494455993175507e-02
2.053711563348770142e-02
2.181835100054740906e-02
2.518019266426563263e-02
2.315302938222885132e-02
2.221431210637092590e-02
2.721651084721088409e-02
2.694027684628963470e-02
2.498467080295085907e-02
1.928019896149635315e-02
1.857527345418930054e-02
2.047991938889026642e-02
2.200199104845523834e-02
2.237710356712341309e-02
1.573738455772399902e-02
2.035403996706008911e-02
1.692175120115280151e-02
1.783545687794685364e-02
1.593271084129810333e-02
1.631064899265766144e-02
1.840353198349475861e-02
1.549434568732976913e-02
1.576753705739974976e-02
1.460879296064376831e-02
1.592774316668510437e-02
1.698223128914833069e-02
1.956943981349468231e-02
1.432951819151639938e-02
1.946246996521949768e-02
1.620775461196899414e-02
1.345511339604854584e-02
1.708411052823066711e-02
1.527179218828678131e-02
1.481484621763229370e-02
1.478530094027519226e-02
1.330399699509143829e-02
2.074180915951728821e-02
1.483749318867921829e-02
1.557415537536144257e-02
1.493608392775058746e-02
1.404548343271017075e-02
1.501419022679328918e-02
1.453067176043987274e-02
1.469097565859556198e-02
1.352061145007610321e-02
1.629240438342094421e-02
1.631528139114379883e-02
1.229386217892169952e-02
1.270075421780347824e-02
1.553841587156057358e-02
1.300442032516002655e-02
1.323152612894773483e-02
1.459585875272750854e-02
1.381578948348760605e-02
1.284391712397336960e-02
1.488504465669393539e-02
1.662382483482360840e-02
1.528558880090713501e-02
1.332094427198171616e-02
1.913603767752647400e-02
1.273951120674610138e-02
1.337710488587617874e-02
1.892657577991485596e-02
1.411485951393842697e-02
1.463072281330823898e-02
1.340109109878540039e-02
1.327193342149257660e-02
1.592329703271389008e-02
1.482665631920099258e-02
1.407228410243988037e-02
1.664331927895545959e-02
1.327991299331188202e-02
1.286590844392776489e-02
1.436394732445478439e-02
1.292827259749174118e-02
1.578262075781822205e-02
1.405929774045944214e-02
1.445501856505870819e-02
1.396099850535392761e-02
1.334093604236841202e-02
1.524625904858112335e-02
1.305298507213592529e-02
1.838956028223037720e-02
1.609127223491668701e-02
1.758399046957492828e-02
1.705328375101089478e-02
1.533162128180265427e-02
1.461155805736780167e-02
1.656842045485973358e-02
1.804867014288902283e-02
1.760626398026943207e-02
1.779566891491413116e-02
1.756004989147186279e-02
2.001822367310523987e-02
1.740899868309497833e-02
1.541231293231248856e-02
1.551743969321250916e-02
1.985098607838153839e-02
1.510232593864202499e-02
2.400933578610420227e-02
1.837590895593166351e-02
1.663307100534439087e-02
2.164367772638797760e-02
2.347382344305515289e-02
1.559736859053373337e-02
2.001658827066421509e-02
2.092213369905948639e-02
1.946010626852512360e-02
1.959385722875595093e-02
1.501450128853321075e-02
1.849135570228099823e-02
1.618566177785396576e-02
1.602729968726634979e-02
1.668429933488368988e-02
1.423762179911136627e-02
1.456252299249172211e-02
1.634698174893856049e-02
1.569256559014320374e-02
1.585310511291027069e-02
1.695403084158897400e-02
1.560240518301725388e-02
1.633540540933609009e-02
1.510146725922822952e-02
1.510657928884029388e-02
1.295897271484136581e-02
1.502184942364692688e-02
1.529505476355552673e-02
1.450950372964143753e-02
1.257559098303318024e-02
1.507127098739147186e-02
1.342372503131628036e-02
1.467581186443567276e-02
1.444896683096885681e-02
1.600744575262069702e-02
1.363844331353902817e-02
1.427062321454286575e-02
1.395370066165924072e-02
1.373095624148845673e-02
1.421605981886386871e-02
1.502179354429244995e-02
2.232300117611885071e-02
1.287187822163105011e-02
1.512886583805084229e-02
1.745002344250679016e-02
1.492614392191171646e-02
1.421735342592000961e-02
1.559524424374103546e-02
1.376240607351064682e-02
1.239280495792627335e-02
1.747376658022403717e-02
1.582786627113819122e-02
1.411980669945478439e-02
1.773550920188426971e-02
1.347470097243785858e-02
1.552478224039077759e-02
1.520581077784299850e-02
1.616942696273326874e-02
1.531090401113033295e-02
1.674258336424827576e-02
1.317005045711994171e-02
1.533853821456432343e-02
1.869422197341918945e-02
1.212119031697511673e-02
1.497728284448385239e-02
1.387368328869342804e-02
1.889757439494132996e-02
2.367388643324375153e-02
2.409407496452331543e-02
2.806009724736213684e-02
2.626089379191398621e-02
2.616872638463973999e-02
2.138234861195087433e-02
2.609347924590110779e-02
2.779262512922286987e-02
2.512876875698566437e-02
2.408236823976039886e-02
2.348883263766765594e-02
2.214149199426174164e-02
1.967837847769260406e-02
1.800873875617980957e-02
2.020545490086078644e-02
2.000786550343036652e-02
1.670943573117256165e-02
1.497984491288661957e-02
1.735925301909446716e-02
2.028482966125011444e-02
1.832197606563568115e-02
1.704802364110946655e-02
1.620282046496868134e-02
1.958215422928333282e-02
1.571693271398544312e-02
1.815625280141830444e-02
2.214786782860755920e-02
1.742164231836795807e-02
1.543090492486953735e-02
1.685548946261405945e-02
1.931490935385227203e-02
1.621887274086475372e-02
1.918813958764076233e-02
1.593984663486480713e-02
1.742053404450416565e-02
2.000060118734836578e-02
1.361587084829807281e-02
1.599194481968879700e-02
1.608269289135932922e-02
1.754553243517875671e-02
1.552516687661409378e-02
1.420111767947673798e-02
1.594205573201179504e-02
1.465725805610418320e-02
1.646998524665832520e-02
1.417592819780111313e-02
1.609647646546363831e-02
1.403129566460847855e-02
1.599200442433357239e-02
1.429076679050922394e-02
1.424412336200475693e-02
1.300797611474990845e-02
1.368722878396511078e-02
1.537283696234226227e-02
1.351965405046939850e-02
1.326870825141668320e-02
1.498931366950273514e-02
1.504959445446729660e-02
1.518769469112157822e-02
1.601955294609069824e-02
1.455083489418029785e-02
1.558653265237808228e-02
1.228684745728969574e-02
1.248550228774547577e-02
1.503249630331993103e-02
1.320227608084678650e-02
1.530521456152200699e-02
1.581430435180664062e-02
1.304954476654529572e-02
1.371749676764011383e-02
1.186404563486576080e-02
1.269992534071207047e-02
1.108548976480960846e-02
1.522175036370754242e-02
1.355798542499542236e-02
1.287500280886888504e-02
1.287978142499923706e-02
1.387143693864345551e-02
1.230016350746154785e-02
1.172168180346488953e-02
1.187810301780700684e-02
1.222361251711845398e-02
1.069652568548917770e-02
1.199840381741523743e-02
1.368506345897912979e-02
1.379181724041700363e-02
1.200566533952951431e-02
1.342293526977300644e-02
1.325577311217784882e-02
1.312454696744680405e-02
1.256937254220247269e-02
1.206221617758274078e-02
1.277167536318302155e-02
1.484935916960239410e-02
1.208796910941600800e-02
1.285614073276519775e-02
1.252918317914009094e-02
1.404871232807636261e-02
1.201839186251163483e-02
1.369629427790641785e-02
1.603923551738262177e-02
1.090608909726142883e-02
1.217830553650856018e-02
1.202405430376529694e-02
1.357852295041084290e-02
1.131124328821897507e-02
1.114267390221357346e-02
1.260828133672475815e-02
1.333629526197910309e-02
1.363861653953790665e-02
1.399185601621866226e-02
1.194200292229652405e-02
1.417672820389270782e-02
1.220758911222219467e-02
1.173545233905315399e-02
1.093940250575542450e-02
1.038271468132734299e-02
1.531768497079610825e-02
1.290143001824617386e-02
1.196143403649330139e-02
1.286267302930355072e-02
1.450050901621580124e-02
1.187140401452779770e-02
1.075436826795339584e-02
1.173844188451766968e-02
1.236474793404340744e-02
1.255693752318620682e-02
1.585517823696136475e-02
1.256600767374038696e-02
1.354654598981142044e-02
1.288245245814323425e-02
1.239016465842723846e-02
1.163274701684713364e-02
1.448020059615373611e-02
1.498877722769975662e-02
1.437362190335988998e-02
1.315066032111644745e-02
1.094214059412479401e-02
1.283831894397735596e-02
1.250856183469295502e-02
1.351596694439649582e-02
1.349744386970996857e-02
1.302515342831611633e-02
1.013517193496227264e-02
1.406981609761714935e-02
1.277647074311971664e-02
1.198783051222562790e-02
1.242202147841453552e-02
1.247143372893333435e-02
1.245115511119365692e-02
1.248713862150907516e-02
1.333625521510839462e-02
1.084900833666324615e-02
1.282128319144248962e-02
1.134188473224639893e-02
1.230796799063682556e-02
1.225616130977869034e-02
1.391355320811271667e-02
1.032191887497901917e-02
1.185510773211717606e-02
1.438933424651622772e-02
1.110124774277210236e-02
1.041517034173011780e-02
1.294322405010461807e-02
1.056417357176542282e-02
1.156935468316078186e-02
1.849735714495182037e-02
1.186278369277715683e-02
1.172681525349617004e-02
1.591219753026962280e-02
1.193120237439870834e-02
1.189216878265142441e-02
1.080834493041038513e-02
1.392239890992641449e-02
1.254506781697273254e-02
1.372318528592586517e-02
1.556164026260375977e-02
1.403061952441930771e-02
1.161989010870456696e-02
1.369471102952957153e-02
1.372950989753007889e-02
1.212676707655191422e-02
1.294431928545236588e-02
1.166564784944057465e-02
1.262841839343309402e-02
1.272271573543548584e-02
1.159029640257358551e-02
1.388643030077219009e-02
1.345738768577575684e-02
9.994286112487316132e-03
1.302685774862766266e-02
1.333562191575765610e-02
1.197913382202386856e-02
1.255545485764741898e-02
1.276270765811204910e-02
1.181800849735736847e-02
1.202047429978847504e-02
1.137753110378980637e-02
1.181786879897117615e-02
1.301801670342683792e-02
1.212907303124666214e-02
1.443009637296199799e-02
1.254660822451114655e-02
1.390285696834325790e-02
1.198651548475027084e-02
1.232611201703548431e-02
1.158060971647500992e-02
1.412345096468925476e-02
1.270085386931896210e-02
1.229187753051519394e-02
1.346306689083576202e-02
1.414725463837385178e-02
1.483552251011133194e-02
1.178429089486598969e-02
1.351019553840160370e-02
1.624265313148498535e-02
1.362229324877262115e-02
1.413618680089712143e-02
1.419366523623466492e-02
1.210796833038330078e-02
1.298704463988542557e-02
1.419173274189233780e-02
1.406078040599822998e-02
1.313901599496603012e-02
1.489556301385164261e-02
1.430326513946056366e-02
1.469859853386878967e-02
1.229980029165744781e-02
1.254536490887403488e-02
1.262696925550699234e-02
1.362899038940668106e-02
1.187528297305107117e-02
1.521229557693004608e-02
1.145038194954395294e-02
1.399527303874492645e-02
1.098997890949249268e-02
1.241062581539154053e-02
1.045806985348463058e-02
1.316770724952220917e-02
1.288495026528835297e-02
1.087909843772649765e-02
1.192846242338418961e-02
1.222626678645610809e-02
1.292001642286777496e-02
1.121806353330612183e-02
1.088240649551153183e-02
1.101723872125148773e-02
1.243701390922069550e-02
1.077088806778192520e-02
1.202515512704849243e-02
1.343146525323390961e-02
1.232748199254274368e-02
1.045833062380552292e-02
9.967755526304244995e-03
1.257304195314645767e-02
1.047934405505657196e-02
1.270583271980285645e-02
1.146049983799457550e-02
1.123042032122612000e-02
1.070906314998865128e-02
1.321522518992424011e-02
1.444109342992305756e-02
1.092808321118354797e-02
1.358646620064973831e-02
1.338795665651559830e-02
1.052122190594673157e-02
1.048739627003669739e-02
1.139419991523027420e-02
1.071353629231452942e-02
1.099382154643535614e-02
1.094509754329919815e-02
1.205185614526271820e-02
1.132584176957607269e-02
1.123836822807788849e-02
1.348302699625492096e-02
1.199262216687202454e-02
1.147560589015483856e-02
1.242549065500497818e-02
1.225813757628202438e-02
1.106727309525012970e-02
1.255498453974723816e-02
1.212469767779111862e-02
1.228064019232988358e-02
1.232821960002183914e-02
1.119798608124256134e-02
1.243360247462987900e-02
9.963308461010456085e-03
1.307878550142049789e-02
1.285558659583330154e-02
1.320036035031080246e-02
1.079793646931648254e-02
1.017855945974588394e-02
1.366336178034543991e-02
1.180236041545867920e-02
1.220933999866247177e-02
1.289369631558656693e-02
1.263267919421195984e-02
1.387394219636917114e-02
1.121311169117689133e-02
1.063240785151720047e-02
9.951489977538585663e-03
1.013682875782251358e-02
1.188207417726516724e-02
1.183108985424041748e-02
1.186640746891498566e-02
1.168266311287879944e-02
1.229797489941120148e-02
1.083659101277589798e-02
1.250714994966983795e-02
1.271428260952234268e-02
1.169819198548793793e-02
1.283444091677665710e-02
1.060733478516340256e-02
1.124766469001770020e-02
1.148123666644096375e-02
1.067695207893848419e-02
1.153346430510282516e-02
1.012954022735357285e-02
1.137380581349134445e-02
1.043700054287910461e-02
1.140649709850549698e-02
1.143518090248107910e-02
1.054503023624420166e-02
1.278378721326589584e-02
1.050687022507190704e-02
1.113565173000097275e-02
1.027031335979700089e-02
9.329715743660926819e-03
1.089958753436803818e-02
1.215573959052562714e-02
1.016642153263092041e-02
9.961430914700031281e-03
1.074326224625110626e-02
1.056063454598188400e-02
1.003034505993127823e-02
1.019281987100839615e-02
1.111175678670406342e-02
1.127408258616924286e-02
1.257343869656324387e-02
1.252959668636322021e-02
1.075449399650096893e-02
1.084892731159925461e-02
9.908072650432586670e-03
1.006062887609004974e-02
1.183447241783142090e-02
1.124263927340507507e-02
1.054947730153799057e-02
1.315626688301563263e-02
