9.262584149837493896e-03
1.044905651360750198e-02
9.189133532345294952e-03
8.792965672910213470e-03
9.874385781586170197e-03
1.010956242680549622e-02
8.528625592589378357e-03
9.277489036321640015e-03
9.258210659027099609e-03
1.081347186118364334e-02
8.695153519511222839e-03
8.941511623561382294e-03
8.864659816026687622e-03
8.695059455931186676e-03
9.293721988797187805e-03
8.087914437055587769e-03
8.205986581742763519e-03
8.977768942713737488e-03
1.042988710105419159e-02
9.277178905904293060e-03
9.023575112223625183e-03
8.873428218066692352e-03
8.033799007534980774e-03
8.595019578933715820e-03
9.380636736750602722e-03
8.367909118533134460e-03
8.703437633812427521e-03
8.676184341311454773e-03
9.559541009366512299e-03
1.030147913843393326e-02
9.719179011881351471e-03
9.884586557745933533e-03
9.185264818370342255e-03
8.726778440177440643e-03
9.857030585408210754e-03
9.506045840680599213e-03
9.296050295233726501e-03
8.873464539647102356e-03
1.014647260308265686e-02
9.647348895668983459e-03
1.050385460257530212e-02
8.640103973448276520e-03
9.284846484661102295e-03
1.085866987705230713e-02
9.420877322554588318e-03
1.073402445763349533e-02
1.044118590652942657e-02
8.913870900869369507e-03
8.823762647807598114e-03
8.385193534195423126e-03
8.691122755408287048e-03
9.483288042247295380e-03
9.902670048177242279e-03
8.213141001760959625e-03
9.997398592531681061e-03
8.692000992596149445e-03
8.232387714087963104e-03
8.317782543599605560e-03
9.585208259522914886e-03
9.451013058423995972e-03
8.513729088008403778e-03
1.018007565289735794e-02
9.585217572748661041e-03
1.011215709149837494e-02
9.819449856877326965e-03
8.173476904630661011e-03
9.093053638935089111e-03
9.103946387767791748e-03
9.087044745683670044e-03
8.846445009112358093e-03
9.066483937203884125e-03
8.489381521940231323e-03
8.310259319841861725e-03
9.587698616087436676e-03
9.278764948248863220e-03
8.852506056427955627e-03
8.618771098554134369e-03
8.659732528030872345e-03
8.083430118858814240e-03
9.913559071719646454e-03
9.609063155949115753e-03
8.464078418910503387e-03
9.154126979410648346e-03
1.210155151784420013e-02
7.918983697891235352e-03
8.662444539368152618e-03
8.920049294829368591e-03
8.887150324881076813e-03
8.892716839909553528e-03
8.645314723253250122e-03
9.998407214879989624e-03
9.698817506432533264e-03
8.471801877021789551e-03
9.754295460879802704e-03
9.569278918206691742e-03
1.070626452565193176e-02
9.746299125254154205e-03
9.110252372920513153e-03
9.225628338754177094e-03
8.508453145623207092e-03
9.008687920868396759e-03
9.099917486310005188e-03
9.434884414076805115e-03
9.743390604853630066e-03
1.019682362675666809e-02
1.295395195484161377e-02
9.581077843904495239e-03
9.074523113667964935e-03
1.269221212714910507e-02
1.139866746962070465e-02
1.022038049995899200e-02
1.333576906472444534e-02
9.802210144698619843e-03
1.125195622444152832e-02
1.141577307134866714e-02
9.578507393598556519e-03
1.025310065597295761e-02
1.208227686583995819e-02
1.020985562354326248e-02
1.004390511661767960e-02
9.337370283901691437e-03
8.165824227035045624e-03
9.503741748631000519e-03
9.487628936767578125e-03
9.661549702286720276e-03
8.575041778385639191e-03
9.318839758634567261e-03
9.294654242694377899e-03
9.332803077995777130e-03
1.147364359349012375e-02
9.355032816529273987e-03
8.848847821354866028e-03
8.304023183882236481e-03
8.975765667855739594e-03
9.804123081266880035e-03
8.584586903452873230e-03
9.129348210990428925e-03
9.305415675044059753e-03
1.116493623703718185e-02
1.065660640597343445e-02
9.223271161317825317e-03
9.331978857517242432e-03
9.902824647724628448e-03
8.970636874437332153e-03
9.775598533451557159e-03
8.857665583491325378e-03
1.006090175360441208e-02
8.669232018291950226e-03
1.077113673090934753e-02
8.958499878644943237e-03
1.006012596189975739e-02
8.953480981290340424e-03
9.287407621741294861e-03
1.108675450086593628e-02
8.494997397065162659e-03
9.197662584483623505e-03
9.880541823804378510e-03
9.263999760150909424e-03
9.214772842824459076e-03
8.107429370284080505e-03
9.201983921229839325e-03
1.050380989909172058e-02
8.877500891685485840e-03
9.255418553948402405e-03
8.389797993004322052e-03
8.198384195566177368e-03
1.061931997537612915e-02
8.392589166760444641e-03
9.803760796785354614e-03
9.343068115413188934e-03
9.026894345879554749e-03
9.380079805850982666e-03
8.652597665786743164e-03
9.749124757945537567e-03
8.523292839527130127e-03
8.977016434073448181e-03
8.270168676972389221e-03
8.434131741523742676e-03
8.425715379416942596e-03
8.612331934273242950e-03
1.084341481328010559e-02
8.644879795610904694e-03
8.748779073357582092e-03
9.453835897147655487e-03
8.114259690046310425e-03
9.121377952396869659e-03
9.257244877517223358e-03
9.007999673485755920e-03
8.997516706585884094e-03
9.167062118649482727e-03
8.913137018680572510e-03
9.371842257678508759e-03
9.180997498333454132e-03
8.828616701066493988e-03
8.476899005472660065e-03
1.117867697030305862e-02
1.064305845648050308e-02
9.284278377890586853e-03
1.014907658100128174e-02
1.011733524501323700e-02
9.924481622874736786e-03
9.251947514712810516e-03
8.452663198113441467e-03
9.002776816487312317e-03
9.431713260710239410e-03
8.028804324567317963e-03
7.863117381930351257e-03
8.320346474647521973e-03
9.642698802053928375e-03
8.801618590950965881e-03
9.127005934715270996e-03
9.574833326041698456e-03
9.516084566712379456e-03
9.940505959093570709e-03
1.157592330127954483e-02
9.968583472073078156e-03
9.720065630972385406e-03
8.825579658150672913e-03
9.636167436838150024e-03
9.237598627805709839e-03
1.022224407643079758e-02
1.072774175554513931e-02
9.114993736147880554e-03
1.038333680480718613e-02
8.487883955240249634e-03
8.453042246401309967e-03
7.915172725915908813e-03
8.868384175002574921e-03
9.944846853613853455e-03
1.052821893244981766e-02
8.956434205174446106e-03
8.543180301785469055e-03
1.077087782323360443e-02
9.069819003343582153e-03
9.638711810111999512e-03
8.622297085821628571e-03
9.670205414295196533e-03
8.218377828598022461e-03
8.523039519786834717e-03
9.319382719695568085e-03
9.035859256982803345e-03
1.030071545392274857e-02
9.736855514347553253e-03
9.152383543550968170e-03
8.629231713712215424e-03
8.201828226447105408e-03
9.075285866856575012e-03
9.917061775922775269e-03
8.442036807537078857e-03
1.027866266667842865e-02
9.168404154479503632e-03
8.356612175703048706e-03
9.813146665692329407e-03
8.434114977717399597e-03
1.001321896910667419e-02
8.084738627076148987e-03
8.864969015121459961e-03
8.655148558318614960e-03
8.696656674146652222e-03
8.574340492486953735e-03
9.499954059720039368e-03
8.571167476475238800e-03
7.952004671096801758e-03
8.740724995732307434e-03
9.995277971029281616e-03
9.969869628548622131e-03
8.570103906095027924e-03
8.245887234807014465e-03
9.580628946423530579e-03
8.519270457327365875e-03
8.413804695010185242e-03
8.401780389249324799e-03
8.420591242611408234e-03
8.655505254864692688e-03
1.031847763806581497e-02
7.961532101035118103e-03
8.778234012424945831e-03
8.459909819066524506e-03
8.980465121567249298e-03
8.319061249494552612e-03
8.641434833407402039e-03
7.839802652597427368e-03
8.398605510592460632e-03
8.882432244718074799e-03
8.824863471090793610e-03
9.027676656842231750e-03
8.462042547762393951e-03
9.530359879136085510e-03
1.028945948928594589e-02
8.436463773250579834e-03
8.174129761755466461e-03
8.017376065254211426e-03
9.011543355882167816e-03
9.313916787505149841e-03
8.341354317963123322e-03
8.551624603569507599e-03
1.087170653045177460e-02
8.176386356353759766e-03
9.637437760829925537e-03
8.495034649968147278e-03
8.381945081055164337e-03
9.792676195502281189e-03
8.721082471311092377e-03
9.207534603774547577e-03
8.713245391845703125e-03
8.461504243314266205e-03
8.342683315277099609e-03
8.877537213265895844e-03
9.864997118711471558e-03
8.037349209189414978e-03
9.464027360081672668e-03
1.001784671097993851e-02
8.594974875450134277e-03
9.203317575156688690e-03
8.674169890582561493e-03
8.736573159694671631e-03
9.033906273543834686e-03
8.251965045928955078e-03
8.725881576538085938e-03
1.013986580073833466e-02
8.580220863223075867e-03
1.121252775192260742e-02
8.695360273122787476e-03
8.617509156465530396e-03
9.674315340816974640e-03
8.125547319650650024e-03
8.544254116714000702e-03
9.169126860797405243e-03
8.523746393620967865e-03
8.997619152069091797e-03
8.712409995496273041e-03
7.728092372417449951e-03
8.502732962369918823e-03
9.182290174067020416e-03
9.070441126823425293e-03
7.514494471251964569e-03
9.106864221394062042e-03
8.531766012310981750e-03
1.016214583069086075e-02
8.197281509637832642e-03
8.813077583909034729e-03
8.179117925465106964e-03
8.184008300304412842e-03
9.417532011866569519e-03
9.387004189193248749e-03
9.414820000529289246e-03
7.968289777636528015e-03
9.357033297419548035e-03
8.496259339153766632e-03
8.095540106296539307e-03
8.313411846756935120e-03
1.160868257284164429e-02
9.357905015349388123e-03
1.019802317023277283e-02
9.204685688018798828e-03
8.299740031361579895e-03
9.003979153931140900e-03
8.783234283328056335e-03
9.372588247060775757e-03
1.023333240300416946e-02
8.097319863736629486e-03
7.746855728328227997e-03
8.023370057344436646e-03
8.508185856044292450e-03
8.122500963509082794e-03
8.301153779029846191e-03
8.592158555984497070e-03
9.980987757444381714e-03
7.824073545634746552e-03
9.643128141760826111e-03
7.966473698616027832e-03
8.099837228655815125e-03
8.890295401215553284e-03
8.049844764173030853e-03
9.578727185726165771e-03
8.032293990254402161e-03
8.106942288577556610e-03
8.973107673227787018e-03
8.686260320246219635e-03
7.793357595801353455e-03
9.313602000474929810e-03
7.877534255385398865e-03
9.172465652227401733e-03
8.782043121755123138e-03
9.713451378047466278e-03
9.297284297645092010e-03
8.527442812919616699e-03
9.812759235501289368e-03
8.113076910376548767e-03
8.860934525728225708e-03
8.643390610814094543e-03
9.559529833495616913e-03
8.767384104430675507e-03
9.536791592836380005e-03
8.561337366700172424e-03
8.719564415514469147e-03
8.571295998990535736e-03
8.432343602180480957e-03
8.800134062767028809e-03
9.473810903728008270e-03
8.137193508446216583e-03
9.478016756474971771e-03
9.128380566835403442e-03
7.910436950623989105e-03
8.424025028944015503e-03
8.924777619540691376e-03
1.019862946122884750e-02
8.742369711399078369e-03
9.133102372288703918e-03
9.087870828807353973e-03
8.502718992531299591e-03
9.759264066815376282e-03
8.899909444153308868e-03
7.856725715100765228e-03
8.407018147408962250e-03
8.285987190902233124e-03
8.927916176617145538e-03
1.081704255193471909e-02
9.300794452428817749e-03
9.800991974771022797e-03
9.012479335069656372e-03
9.031202644109725952e-03
1.085848826915025711e-02
1.005714759230613708e-02
1.005288027226924896e-02
8.502433076500892639e-03
1.002197060734033585e-02
8.695987053215503693e-03
8.637124672532081604e-03
9.563635103404521942e-03
1.096903067082166672e-02
9.032556787133216858e-03
9.138339199125766754e-03
1.015187520533800125e-02
8.465203456580638885e-03
1.146464515477418900e-02
1.762714423239231110e-02
9.220129810273647308e-03
1.065651979297399521e-02
1.118114031851291656e-02
1.485407818108797073e-02
1.673882454633712769e-02
1.960640773177146912e-02
2.586108632385730743e-02
2.490025572478771210e-02
3.089006617665290833e-02
3.652747720479965210e-02
2.558968216180801392e-02
2.297358587384223938e-02
2.180295251309871674e-02
2.114481292665004730e-02
1.942587830126285553e-02
1.726210489869117737e-02
1.998717151582241058e-02
1.875757984817028046e-02
1.727695018053054810e-02
1.814422756433486938e-02
1.676257699728012085e-02
1.712794415652751923e-02
1.712154410779476166e-02
1.536158286035060883e-02
1.729842647910118103e-02
1.473272033035755157e-02
1.571548357605934143e-02
1.419017650187015533e-02
1.316354703158140182e-02
1.426106691360473633e-02
1.391423400491476059e-02
1.518604811280965805e-02
1.500540412962436676e-02
1.509106811136007309e-02
1.440392527729272842e-02
1.336898375302553177e-02
1.295350492000579834e-02
1.488432660698890686e-02
1.584839075803756714e-02
1.982888765633106232e-02
2.984016016125679016e-02
4.598191380500793457e-02
3.320109099149703979e-02
3.170954808592796326e-02
2.563325688242912292e-02
2.161434106528759003e-02
2.625980228185653687e-02
2.749695628881454468e-02
2.325763553380966187e-02
2.711195126175880432e-02
2.983941882848739624e-02
2.167337015271186829e-02
2.447550743818283081e-02
2.466614171862602234e-02
1.980277523398399353e-02
2.124941349029541016e-02
2.377543970942497253e-02
2.121374569833278656e-02
1.966395787894725800e-02
1.775222830474376678e-02
1.608145982027053833e-02
1.927604526281356812e-02
2.101590670645236969e-02
1.940532773733139038e-02
2.037878707051277161e-02
1.883185468614101410e-02
2.211366593837738037e-02
1.989313773810863495e-02
2.379278093576431274e-02
1.979493722319602966e-02
2.129284851253032684e-02
2.043020725250244141e-02
1.850326731801033020e-02
2.249449118971824646e-02
2.209230326116085052e-02
2.277244441211223602e-02
1.872884668409824371e-02
1.788151264190673828e-02
1.833142340183258057e-02
1.836717687547206879e-02
1.574928686022758484e-02
1.468058675527572632e-02
1.786319538950920105e-02
1.785889826714992523e-02
1.772767491638660431e-02
1.807406172156333923e-02
2.024917304515838623e-02
2.482848614454269409e-02
2.089992165565490723e-02
1.467164233326911926e-02
1.583264581859111786e-02
2.118241228163242340e-02
1.765612699091434479e-02
1.917781308293342590e-02
2.218335680663585663e-02
1.454298943281173706e-02
1.762975752353668213e-02
1.928694732487201691e-02
2.425001561641693115e-02
1.531929336488246918e-02
1.679921150207519531e-02
1.758946664631366730e-02
1.588346064090728760e-02
2.094524167478084564e-02
1.835403963923454285e-02
2.326852828264236450e-02
1.802447997033596039e-02
1.836626976728439331e-02
1.472999248653650284e-02
1.329991128295660019e-02
1.607004739344120026e-02
1.806704141199588776e-02
1.644944772124290466e-02
1.648854464292526245e-02
1.832780987024307251e-02
1.781384088099002838e-02
1.330833602696657181e-02
1.726220175623893738e-02
1.619909144937992096e-02
2.079732343554496765e-02
1.648153550922870636e-02
1.641232706606388092e-02
1.415892690420150757e-02
1.764296740293502808e-02
1.884170249104499817e-02
1.836325973272323608e-02
1.343059167265892029e-02
1.474264357239007950e-02
1.678874902427196503e-02
1.604034751653671265e-02
1.433534827083349228e-02
1.614885963499546051e-02
1.510907988995313644e-02
1.370591204613447189e-02
1.489981263875961304e-02
1.978263258934020996e-02
1.324507035315036774e-02
1.439086999744176865e-02
1.918938942253589630e-02
2.637290209531784058e-02
1.602751202881336212e-02
1.370429527014493942e-02
1.653758436441421509e-02
1.639194600284099579e-02
1.613190583884716034e-02
2.078237198293209076e-02
1.653745770454406738e-02
1.602444984018802643e-02
1.612180098891258240e-02
1.733024790883064270e-02
1.727560348808765411e-02
1.443517114967107773e-02
1.813068613409996033e-02
1.588748767971992493e-02
1.492464914917945862e-02
1.425931323319673538e-02
1.592145115137100220e-02
1.257903128862380981e-02
1.264722459018230438e-02
1.148781739175319672e-02
1.418488938361406326e-02
1.652594842016696930e-02
1.347656548023223877e-02
1.325869187712669373e-02
1.485567726194858551e-02
1.257112901657819748e-02
1.531298086047172546e-02
1.510629337280988693e-02
1.465847436338663101e-02
1.655548997223377228e-02
1.497934665530920029e-02
1.230417937040328979e-02
1.409361045807600021e-02
1.271038316190242767e-02
1.593493856489658356e-02
1.251919101923704147e-02
1.310336217284202576e-02
1.355524547398090363e-02
1.301066204905509949e-02
1.178518962115049362e-02
1.154532190412282944e-02
1.305037364363670349e-02
1.151760201901197433e-02
1.241420954465866089e-02
1.142543274909257889e-02
1.403304282575845718e-02
1.060255989432334900e-02
1.308125909417867661e-02
1.272349152714014053e-02
1.104563567787408829e-02
9.907674975693225861e-03
1.177622657269239426e-02
1.418989151716232300e-02
1.411962695419788361e-02
1.282588578760623932e-02
1.402415055781602859e-02
1.341313589364290237e-02
1.296611968427896500e-02
1.221336144953966141e-02
1.174911018460988998e-02
1.412006467580795288e-02
1.302609872072935104e-02
1.273878663778305054e-02
1.366528496146202087e-02
1.495793461799621582e-02
1.525190286338329315e-02
1.168459281325340271e-02
1.245419215410947800e-02
1.043952908366918564e-02
1.535485219210386276e-02
1.691351085901260376e-02
1.468581613153219223e-02
1.285063009709119797e-02
1.370086800307035446e-02
1.388549245893955231e-02
1.444524526596069336e-02
1.325941178947687149e-02
1.348938047885894775e-02
1.140429731458425522e-02
1.138509623706340790e-02
1.249409280717372894e-02
1.046928670257329941e-02
1.420866698026657104e-02
1.065848860889673233e-02
1.256018597632646561e-02
1.770490780472755432e-02
1.628549955785274506e-02
1.191704161465167999e-02
1.299297157675027847e-02
1.590506173670291901e-02
1.253684237599372864e-02
1.601249352097511292e-02
1.480071153491735458e-02
1.406560838222503662e-02
1.259226258844137192e-02
1.298852078616619110e-02
1.253373268991708755e-02
1.240722183138132095e-02
1.052552182227373123e-02
1.193042285740375519e-02
1.368328649550676346e-02
1.222494803369045258e-02
1.379043608903884888e-02
1.416245568543672562e-02
1.231234893202781677e-02
1.353723090142011642e-02
1.221826393157243729e-02
1.150673907250165939e-02
1.547261979430913925e-02
1.167644746601581573e-02
1.418943051248788834e-02
1.497000921517610550e-02
1.498886663466691971e-02
1.660824939608573914e-02
1.466548256576061249e-02
1.768296584486961365e-02
1.295276824384927750e-02
1.479481440037488937e-02
1.237997226417064667e-02
1.236512884497642517e-02
1.747048087418079376e-02
1.349081657826900482e-02
1.648509688675403595e-02
1.307055912911891937e-02
1.315187197178602219e-02
1.492829807102680206e-02
1.289293263107538223e-02
1.333829574286937714e-02
1.459948439151048660e-02
1.282896846532821655e-02
1.128328591585159302e-02
1.280634477734565735e-02
1.407047919929027557e-02
1.222084462642669678e-02
1.324549876153469086e-02
1.422211248427629471e-02
1.241189148277044296e-02
1.108782272785902023e-02
1.034711673855781555e-02
1.132925879210233688e-02
1.227245852351188660e-02
1.075017079710960388e-02
9.855654090642929077e-03
1.037527620792388916e-02
1.069667469710111618e-02
1.060453988611698151e-02
1.148156914860010147e-02
9.872417896986007690e-03
1.269441936165094376e-02
1.050988025963306427e-02
1.181395817548036575e-02
1.146980281919240952e-02
1.075636316090822220e-02
1.064199768006801605e-02
1.013741735368967056e-02
1.034103985875844955e-02
9.686021134257316589e-03
1.248678937554359436e-02
9.581668302416801453e-03
1.083074323832988739e-02
9.871518239378929138e-03
9.419968351721763611e-03
1.082503329962491989e-02
9.731687605381011963e-03
1.032453496009111404e-02
1.049489062279462814e-02
9.741286747157573700e-03
1.021183189004659653e-02
1.014234498143196106e-02
1.165112201124429703e-02
1.027293130755424500e-02
9.607514366507530212e-03
9.361864067614078522e-03
9.597204625606536865e-03
9.682636708021163940e-03
8.919859305024147034e-03
8.853112347424030304e-03
8.300272747874259949e-03
1.099803578108549118e-02
9.615175426006317139e-03
9.284225292503833771e-03
9.937239810824394226e-03
9.705728851258754730e-03
1.147336419671773911e-02
9.876177646219730377e-03
9.739344008266925812e-03
1.020747050642967224e-02
8.886802941560745239e-03
9.116663597524166107e-03
1.018119975924491882e-02
9.502052329480648041e-03
1.165152061730623245e-02
1.192862726747989655e-02
1.035751309245824814e-02
1.116286590695381165e-02
9.628226980566978455e-03
1.093675196170806885e-02
9.362889453768730164e-03
1.184022706001996994e-02
1.027066539973020554e-02
9.355809539556503296e-03
1.030791178345680237e-02
1.169701665639877319e-02
9.992557577788829803e-03
1.052395161241292953e-02
1.069379970431327820e-02
9.881947189569473267e-03
9.292896836996078491e-03
9.075471200048923492e-03
9.222849272191524506e-03
1.180164143443107605e-02
9.871739894151687622e-03
1.049604918807744980e-02
9.254777804017066956e-03
1.009956561028957367e-02
1.000876631587743759e-02
9.873485192656517029e-03
1.001145318150520325e-02
1.142565999180078506e-02
9.342256933450698853e-03
9.983544237911701202e-03
1.010304316878318787e-02
1.005804911255836487e-02
8.947265334427356720e-03
1.059583295136690140e-02
1.333084795624017715e-02
9.037497453391551971e-03
1.033158786594867706e-02
9.285971522331237793e-03
1.045365445315837860e-02
8.737912401556968689e-03
9.114746935665607452e-03
9.595002047717571259e-03
1.010996475815773010e-02
1.027899701148271561e-02
1.004017516970634460e-02
9.764430113136768341e-03
1.101096533238887787e-02
1.021685078740119934e-02
1.004680711776018143e-02
9.133719839155673981e-03
8.953273296356201172e-03
1.094174943864345551e-02
9.423733688890933990e-03
8.674756623804569244e-03
1.061679609119892120e-02
9.213615208864212036e-03
1.015762053430080414e-02
8.984869346022605896e-03
9.397446177899837494e-03
9.123377501964569092e-03
1.028398703783750534e-02
1.132069528102874756e-02
9.524975903332233429e-03
1.016454864293336868e-02
9.611886925995349884e-03
9.882216341793537140e-03
9.273717179894447327e-03
1.013855449855327606e-02
9.917750954627990723e-03
9.886755608022212982e-03
9.477283805608749390e-03
9.384457953274250031e-03
9.329016320407390594e-03
9.926055558025836945e-03
1.102874241769313812e-02
9.354809299111366272e-03
9.990520775318145752e-03
8.237641304731369019e-03
9.941793046891689301e-03
8.979933336377143860e-03
9.361267089843750000e-03
1.081591378897428513e-02
1.006726082414388657e-02
9.907625615596771240e-03
1.102696359157562256e-02
9.889001958072185516e-03
9.620985016226768494e-03
9.598077274858951569e-03
9.067175909876823425e-03
1.017814502120018005e-02
1.148077845573425293e-02
1.208636630326509476e-02
8.632281795144081116e-03
1.079136133193969727e-02
1.041061244904994965e-02
8.856465108692646027e-03
8.813399821519851685e-03
9.496467188000679016e-03
8.968953974545001984e-03
9.612579829990863800e-03
1.148275565356016159e-02
1.252994965761899948e-02
1.070334110409021378e-02
1.150700636208057404e-02
9.631028398871421814e-03
9.347096085548400879e-03
9.579882025718688965e-03
1.053100824356079102e-02
9.177863597869873047e-03
1.027433760464191437e-02
1.117193698883056641e-02
9.835645556449890137e-03
8.972153067588806152e-03
1.000842265784740448e-02
1.111793704330921173e-02
1.002595014870166779e-02
1.026145089417695999e-02
9.492186829447746277e-03
1.111543737351894379e-02
9.489040821790695190e-03
9.758807718753814697e-03
1.046964712440967560e-02
9.234066121280193329e-03
9.010531939566135406e-03
1.048031914979219437e-02
1.069117244333028793e-02
9.963019751012325287e-03
8.832319639623165131e-03
1.014607399702072144e-02
9.064923971891403198e-03
9.818498976528644562e-03
8.538906462490558624e-03
8.929310366511344910e-03
9.495826438069343567e-03
8.921861648559570312e-03
9.403461590409278870e-03
9.705105796456336975e-03
9.141405113041400909e-03
9.090941399335861206e-03
9.997203946113586426e-03
8.466839790344238281e-03
1.044467557221651077e-02
8.845316246151924133e-03
9.271053597331047058e-03
9.522251784801483154e-03
8.825999684631824493e-03
1.110114902257919312e-02
8.305750787258148193e-03
1.048338692635297775e-02
1.075537689030170441e-02
9.226140566170215607e-03
1.057412289083003998e-02
1.102318149060010910e-02
8.645639754831790924e-03
9.228292852640151978e-03
8.676297031342983246e-03
1.044926419854164124e-02
9.001854807138442993e-03
1.018636114895343781e-02
9.759231470525264740e-03
1.000679004937410355e-02
8.685414679348468781e-03
9.517496451735496521e-03
9.411770850419998169e-03
9.725785814225673676e-03
9.149738587439060211e-03
1.174724102020263672e-02
9.314932860434055328e-03
9.836529381573200226e-03
8.618345484137535095e-03
9.149631485342979431e-03
8.378187194466590881e-03
8.636179380118846893e-03
8.662926033139228821e-03
8.436926640570163727e-03
8.642872795462608337e-03
9.050454944372177124e-03
8.485321886837482452e-03
8.768683299422264099e-03
9.575281292200088501e-03
8.227583020925521851e-03
9.805000387132167816e-03
8.509628474712371826e-03
8.914975449442863464e-03
9.162424132227897644e-03
8.674232289195060730e-03
8.986352942883968353e-03
8.239352144300937653e-03
1.000554300844669342e-02
8.055400103330612183e-03
9.335995651781558990e-03
8.220888674259185791e-03
8.245308883488178253e-03
8.305910043418407440e-03
8.628237992525100708e-03
1.090160198509693146e-02
8.866320364177227020e-03
1.070553716272115707e-02
1.138241682201623917e-02
8.004323579370975494e-03
8.111946284770965576e-03
8.557600900530815125e-03
8.572672493755817413e-03
8.595495484769344330e-03
8.654162287712097168e-03
8.904149755835533142e-03
8.848611265420913696e-03
8.218676783144474030e-03
9.695894084870815277e-03
8.983927778899669647e-03
8.708259090781211853e-03
1.052884757518768311e-02
8.894994854927062988e-03
8.769007399678230286e-03
8.886802010238170624e-03
9.359369985759258270e-03
9.766089729964733124e-03
9.404428303241729736e-03
8.853534236550331116e-03
9.782820940017700195e-03
8.270823396742343903e-03
1.112211961299180984e-02
9.620387107133865356e-03
1.032369956374168396e-02
8.620246313512325287e-03
8.380121551454067230e-03
9.388775564730167389e-03
8.882528170943260193e-03
9.742595255374908447e-03
1.068954169750213623e-02
9.698998183012008667e-03
1.059637963771820068e-02
9.419399313628673553e-03
8.751939050853252411e-03
8.636110462248325348e-03
8.359010331332683563e-03
9.745553135871887207e-03
9.681092575192451477e-03
9.535329416394233704e-03
9.507356211543083191e-03
9.070780128240585327e-03
8.461239747703075409e-03
9.597836993634700775e-03
1.105452049523591995e-02
8.791057392954826355e-03
1.016809698194265366e-02
8.951469324529170990e-03
8.669573813676834106e-03
1.013351790606975555e-02
8.901385590434074402e-03
9.249527938663959503e-03
8.472071029245853424e-03
9.190543554723262787e-03
8.263137191534042358e-03
9.172288700938224792e-03
9.440304711461067200e-03
9.043344296514987946e-03
1.095282379537820816e-02
9.406452067196369171e-03
9.581111371517181396e-03
8.765132166445255280e-03
7.697148714214563370e-03
9.318784810602664948e-03
1.037036161869764328e-02
8.234279230237007141e-03
8.435589261353015900e-03
8.492059074342250824e-03
8.809974417090415955e-03
8.197173476219177246e-03
8.772538043558597565e-03
8.656119927763938904e-03
8.809586055576801300e-03
1.152948010712862015e-02
1.002808846533298492e-02
8.660329505801200867e-03
8.345936425030231476e-03
8.456602692604064941e-03
8.289562538266181946e-03
9.986890479922294617e-03
9.452581405639648438e-03
9.103499352931976318e-03
1.119562983512878418e-02
