2.288694381713867188e-01
2.269184291362762451e-01
2.253863513469696045e-01
2.110171318054199219e-01
2.086772918701171875e-01
2.185694724321365356e-01
2.270528376102447510e-01
2.005312144756317139e-01
2.129987180233001709e-01
2.045027017593383789e-01
2.060586065053939819e-01
1.970270723104476929e-01
2.027282118797302246e-01
1.873283088207244873e-01
1.893256902694702148e-01
1.815188378095626831e-01
1.746210008859634399e-01
1.722505539655685425e-01
1.699402034282684326e-01
1.609718352556228638e-01
1.601905375719070435e-01
1.638551950454711914e-01
1.532387584447860718e-01
1.561082452535629272e-01
1.492044627666473389e-01
1.375231593847274780e-01
1.471285670995712280e-01
1.365762501955032349e-01
1.411270946264266968e-01
1.368602663278579712e-01
1.365898847579956055e-01
1.338840126991271973e-01
1.306203156709671021e-01
1.391310095787048340e-01
1.360566318035125732e-01
1.360502988100051880e-01
1.231201291084289551e-01
1.317066997289657593e-01
1.317808032035827637e-01
1.308220028877258301e-01
1.233718693256378174e-01
1.246554479002952576e-01
1.167821213603019714e-01
1.270425915718078613e-01
1.211856976151466370e-01
1.350418478250503540e-01
1.296593695878982544e-01
1.269025802612304688e-01
1.170583888888359070e-01
1.184970736503601074e-01
1.197390556335449219e-01
1.155496761202812195e-01
1.173166260123252869e-01
1.094974502921104431e-01
1.114920601248741150e-01
1.038352549076080322e-01
1.200514510273933411e-01
1.155320852994918823e-01
1.157567352056503296e-01
1.103875637054443359e-01
1.238905936479568481e-01
1.164527684450149536e-01
1.258204430341720581e-01
1.170499324798583984e-01
1.154004931449890137e-01
1.108445301651954651e-01
1.018301919102668762e-01
1.140267848968505859e-01
1.013635769486427307e-01
1.015339419245719910e-01
9.902360290288925171e-02
1.084978878498077393e-01
9.992852061986923218e-02
1.068440973758697510e-01
1.024411097168922424e-01
9.864886850118637085e-02
1.140852570533752441e-01
1.090995818376541138e-01
9.348858147859573364e-02
1.055269390344619751e-01
1.003573834896087646e-01
9.837447106838226318e-02
9.376269578933715820e-02
1.037613153457641602e-01
9.619701653718948364e-02
9.082892537117004395e-02
8.678320795297622681e-02
8.332972228527069092e-02
9.124001860618591309e-02
1.003309935331344604e-01
8.067736774682998657e-02
8.996130526065826416e-02
9.431085735559463501e-02
8.927871286869049072e-02
9.610377252101898193e-02
8.430621027946472168e-02
8.868015557527542114e-02
8.594524860382080078e-02
8.636942505836486816e-02
7.782090455293655396e-02
8.249716460704803467e-02
7.516601681709289551e-02
8.916873484849929810e-02
7.431998103857040405e-02
8.331991732120513916e-02
7.421097904443740845e-02
7.852254062891006470e-02
7.454560697078704834e-02
6.421806663274765015e-02
8.024094998836517334e-02
8.692678064107894897e-02
8.559092879295349121e-02
7.170572876930236816e-02
7.717305421829223633e-02
7.405978441238403320e-02
7.298590987920761108e-02
7.833468168973922729e-02
7.013143599033355713e-02
7.290301471948623657e-02
7.147348672151565552e-02
6.821022182703018188e-02
7.094322144985198975e-02
6.887917965650558472e-02
8.715250343084335327e-02
6.881342828273773193e-02
6.846535205841064453e-02
7.712457329034805298e-02
7.251468300819396973e-02
6.966148316860198975e-02
6.723009049892425537e-02
6.665500253438949585e-02
6.820581108331680298e-02
8.326610922813415527e-02
6.397561728954315186e-02
7.447508722543716431e-02
6.454052031040191650e-02
6.162099167704582214e-02
5.804628878831863403e-02
6.748435646295547485e-02
6.465514749288558960e-02
6.148777529597282410e-02
5.702275410294532776e-02
5.509653314948081970e-02
6.084119901061058044e-02
5.693784356117248535e-02
6.478357315063476562e-02
6.724658608436584473e-02
6.272866576910018921e-02
6.603652238845825195e-02
6.027130410075187683e-02
6.349649280309677124e-02
6.447493284940719604e-02
6.374423950910568237e-02
6.320928037166595459e-02
6.251936405897140503e-02
6.153802573680877686e-02
6.371884047985076904e-02
5.927214026451110840e-02
5.852643027901649475e-02
6.524010002613067627e-02
6.146678701043128967e-02
6.294018775224685669e-02
5.128607898950576782e-02
5.517195910215377808e-02
5.795102566480636597e-02
5.302846059203147888e-02
5.743432044982910156e-02
5.569577589631080627e-02
5.488525331020355225e-02
4.990632459521293640e-02
5.163151770830154419e-02
5.651470273733139038e-02
4.717569798231124878e-02
5.393471568822860718e-02
5.426103621721267700e-02
5.020739510655403137e-02
5.694792047142982483e-02
5.869460105895996094e-02
5.421145260334014893e-02
5.145014077425003052e-02
5.106752365827560425e-02
4.740110784769058228e-02
5.025018379092216492e-02
5.109245702624320984e-02
4.725592583417892456e-02
5.042671784758567810e-02
5.340187624096870422e-02
4.636051878333091736e-02
4.934107512235641479e-02
4.970313608646392822e-02
5.455272272229194641e-02
5.198902264237403870e-02
4.632982984185218811e-02
4.277439042925834656e-02
4.308206588029861450e-02
4.902049899101257324e-02
5.456353351473808289e-02
4.841422662138938904e-02
5.079254880547523499e-02
4.620769992470741272e-02
4.336190223693847656e-02
4.685437306761741638e-02
4.964957013726234436e-02
3.960208222270011902e-02
4.189961031079292297e-02
4.875556007027626038e-02
4.332841932773590088e-02
4.108794778585433960e-02
5.084045603871345520e-02
5.018613487482070923e-02
5.617657676339149475e-02
7.561799883842468262e-02
5.651532113552093506e-02
5.688592046499252319e-02
7.809972763061523438e-02
5.956070125102996826e-02
6.518088281154632568e-02
5.582530423998832703e-02
5.207898840308189392e-02
5.623384192585945129e-02
6.115825474262237549e-02
4.113969579339027405e-02
5.445659160614013672e-02
5.040089413523674011e-02
4.570678994059562683e-02
4.482118040323257446e-02
5.076197907328605652e-02
4.609004780650138855e-02
4.975199699401855469e-02
4.542192816734313965e-02
3.777451068162918091e-02
4.242652654647827148e-02
4.825088754296302795e-02
4.572122171521186829e-02
4.182003811001777649e-02
4.172505438327789307e-02
4.937688261270523071e-02
4.332833737134933472e-02
3.914688527584075928e-02
4.206614196300506592e-02
4.002499952912330627e-02
4.432559385895729065e-02
4.018756002187728882e-02
4.387169703841209412e-02
3.996828943490982056e-02
3.785492107272148132e-02
3.731503710150718689e-02
3.958662971854209900e-02
4.232865944504737854e-02
3.856689110398292542e-02
3.386430814862251282e-02
4.148153588175773621e-02
3.703081980347633362e-02
3.624311462044715881e-02
3.752399608492851257e-02
3.266776353120803833e-02
3.934455662965774536e-02
3.925986588001251221e-02
3.396916761994361877e-02
3.888135775923728943e-02
4.173808172345161438e-02
3.633267059922218323e-02
4.093824326992034912e-02
3.914705663919448853e-02
3.363661095499992371e-02
3.539289906620979309e-02
3.608167171478271484e-02
2.843308821320533752e-02
3.474281355738639832e-02
3.324532136321067810e-02
3.685227036476135254e-02
2.941058389842510223e-02
3.173016756772994995e-02
3.471127152442932129e-02
3.409598767757415771e-02
3.676441311836242676e-02
3.607008233666419983e-02
3.465890884399414062e-02
3.706139698624610901e-02
3.327343240380287170e-02
3.201575577259063721e-02
3.442710265517234802e-02
3.416076302528381348e-02
3.472440317273139954e-02
3.130497038364410400e-02
3.258186206221580505e-02
3.252200782299041748e-02
3.462852537631988525e-02
3.111458197236061096e-02
3.055449202656745911e-02
3.119760379195213318e-02
2.895211800932884216e-02
3.436838090419769287e-02
3.071640059351921082e-02
3.246180713176727295e-02
3.231722861528396606e-02
2.954998984932899475e-02
3.023785911500453949e-02
3.540924191474914551e-02
3.127468004822731018e-02
2.694111131131649017e-02
3.258232772350311279e-02
3.133755922317504883e-02
2.770136296749114990e-02
3.195861726999282837e-02
2.780011110007762909e-02
3.596147894859313965e-02
2.753978967666625977e-02
2.862432412803173065e-02
3.110578656196594238e-02
2.894137240946292877e-02
1.790006831288337708e-02
3.296326100826263428e-02
3.408896923065185547e-02
2.997705712914466858e-02
3.007412329316139221e-02
2.781859412789344788e-02
2.807788550853729248e-02
2.985042147338390350e-02
3.145758062601089478e-02
2.963867224752902985e-02
3.109422139823436737e-02
3.106148540973663330e-02
2.675976231694221497e-02
3.138362243771553040e-02
2.549412101507186890e-02
3.029034286737442017e-02
2.804881520569324493e-02
3.217796608805656433e-02
3.341105952858924866e-02
3.172599896788597107e-02
2.626789174973964691e-02
3.419484570622444153e-02
4.248848557472229004e-02
2.875273674726486206e-02
2.560189738869667053e-02
2.989668399095535278e-02
3.047635778784751892e-02
3.192080929875373840e-02
3.217722475528717041e-02
2.803985401988029480e-02
2.679227292537689209e-02
2.988748811185359955e-02
3.085746802389621735e-02
2.773980051279067993e-02
2.817124500870704651e-02
3.031043894588947296e-02
3.026946261525154114e-02
2.896674908697605133e-02
2.569973282516002655e-02
2.498541772365570068e-02
2.746561914682388306e-02
3.045795485377311707e-02
3.172432631254196167e-02
2.975221537053585052e-02
2.489338070154190063e-02
2.465535886585712433e-02
2.459900081157684326e-02
3.007080405950546265e-02
2.940480224788188934e-02
2.693196013569831848e-02
2.657005004584789276e-02
2.716055884957313538e-02
2.239325456321239471e-02
3.185403347015380859e-02
2.913855575025081635e-02
3.203618526458740234e-02
2.982795611023902893e-02
2.472418919205665588e-02
2.640373818576335907e-02
2.992370724678039551e-02
2.662793919444084167e-02
3.470632061362266541e-02
2.889040298759937286e-02
2.640570886433124542e-02
3.310711681842803955e-02
2.381956391036510468e-02
2.683870494365692139e-02
2.787051722407341003e-02
3.584954887628555298e-02
2.467627450823783875e-02
2.867610007524490356e-02
3.384542465209960938e-02
2.710615284740924835e-02
2.887171506881713867e-02
3.157042339444160461e-02
2.810437232255935669e-02
2.734539099037647247e-02
2.840639464557170868e-02
3.206285089254379272e-02
3.151780366897583008e-02
2.389161475002765656e-02
2.334615215659141541e-02
3.516763448715209961e-02
2.615113556385040283e-02
2.745343558490276337e-02
2.724871598184108734e-02
2.243877202272415161e-02
2.540221810340881348e-02
3.249379992485046387e-02
2.573412097990512848e-02
2.465821802616119385e-02
2.355903759598731995e-02
2.195744775235652924e-02
2.655431628227233887e-02
2.323167026042938232e-02
2.107775583863258362e-02
2.347276918590068817e-02
2.150821126997470856e-02
2.518895827233791351e-02
2.653980068862438202e-02
2.268936857581138611e-02
2.160206250846385956e-02
2.836869470775127411e-02
3.369230777025222778e-02
3.884024545550346375e-02
4.804274067282676697e-02
6.038228049874305725e-02
5.499715358018875122e-02
5.192997306585311890e-02
5.010606348514556885e-02
4.838211461901664734e-02
4.852851480245590210e-02
4.751195386052131653e-02
4.933839291334152222e-02
4.734983667731285095e-02
5.145971477031707764e-02
5.102853477001190186e-02
3.992318734526634216e-02
4.514446854591369629e-02
3.881340101361274719e-02
3.947528451681137085e-02
4.351311177015304565e-02
3.814996778964996338e-02
3.687104582786560059e-02
3.600485250353813171e-02
4.130056127905845642e-02
3.339708223938941956e-02
3.619797527790069580e-02
3.675220906734466553e-02
3.470159322023391724e-02
3.485575318336486816e-02
3.537863492965698242e-02
2.936980128288269043e-02
3.096057660877704620e-02
2.567252330482006073e-02
3.670283406972885132e-02
3.475601598620414734e-02
3.188964724540710449e-02
3.243208676576614380e-02
3.602976351976394653e-02
3.022486716508865356e-02
3.102163039147853851e-02
2.721936255693435669e-02
2.759351953864097595e-02
3.155227005481719971e-02
3.115681000053882599e-02
3.115910664200782776e-02
2.812169305980205536e-02
2.553175948560237885e-02
3.324857726693153381e-02
3.285820782184600830e-02
3.327021002769470215e-02
2.682515978813171387e-02
2.752890810370445251e-02
2.855725772678852081e-02
3.160024434328079224e-02
2.635762095451354980e-02
3.084019385278224945e-02
2.818838693201541901e-02
2.987425960600376129e-02
2.702301926910877228e-02
3.494347259402275085e-02
2.940446697175502777e-02
2.644894272089004517e-02
3.156460449099540710e-02
2.895785868167877197e-02
2.587783336639404297e-02
2.423539757728576660e-02
2.714398875832557678e-02
2.303841710090637207e-02
2.574371732771396637e-02
2.578375302255153656e-02
2.618856355547904968e-02
2.556012570858001709e-02
2.856289036571979523e-02
2.464255318045616150e-02
2.689285576343536377e-02
2.863424085080623627e-02
3.109488636255264282e-02
2.210125885903835297e-02
3.149086609482765198e-02
2.714814618229866028e-02
2.928931079804897308e-02
3.038512915372848511e-02
2.671074308454990387e-02
2.693882212042808533e-02
3.071979433298110962e-02
2.936271578073501587e-02
2.575050666928291321e-02
2.712737396359443665e-02
2.514830604195594788e-02
2.910108119249343872e-02
2.591886930167675018e-02
2.612936682999134064e-02
2.588181756436824799e-02
2.714192867279052734e-02
2.081129327416419983e-02
2.303371019661426544e-02
2.815396152436733246e-02
2.228631824254989624e-02
1.892415806651115417e-02
2.051561698317527771e-02
2.474051341414451599e-02
2.817170508205890656e-02
2.616298198699951172e-02
2.343555912375450134e-02
2.496570721268653870e-02
2.019996568560600281e-02
2.421081066131591797e-02
1.986159011721611023e-02
2.451436966657638550e-02
2.092907577753067017e-02
2.101510763168334961e-02
2.638603746891021729e-02
2.304643206298351288e-02
1.900864019989967346e-02
2.119421586394309998e-02
2.587594836950302124e-02
2.160962298512458801e-02
2.055501565337181091e-02
2.748186141252517700e-02
2.314441092312335968e-02
2.381127327680587769e-02
2.654591016471385956e-02
2.082261629402637482e-02
2.569364570081233978e-02
2.004589512944221497e-02
2.473244257271289825e-02
2.153559960424900055e-02
2.078197896480560303e-02
2.427066490054130554e-02
2.350293286144733429e-02
2.391600422561168671e-02
2.118232846260070801e-02
2.048641815781593323e-02
2.013334073126316071e-02
2.260267920792102814e-02
2.301741205155849457e-02
1.921614073216915131e-02
2.108243666589260101e-02
2.010374143719673157e-02
1.904054544866085052e-02
2.379999868571758270e-02
2.553827315568923950e-02
2.177045121788978577e-02
1.749240793287754059e-02
1.997696794569492340e-02
1.905161142349243164e-02
2.077401801943778992e-02
2.444336563348770142e-02
2.192076854407787323e-02
1.798548363149166107e-02
2.095310017466545105e-02
2.107494324445724487e-02
2.207315713167190552e-02
2.054831013083457947e-02
1.888472586870193481e-02
2.121529541909694672e-02
1.982115581631660461e-02
1.983737759292125702e-02
2.365302480757236481e-02
2.088670432567596436e-02
2.046245150268077850e-02
2.174504101276397705e-02
1.956922374665737152e-02
2.187772840261459351e-02
1.991749927401542664e-02
1.615603640675544739e-02
1.952468976378440857e-02
2.064850553870201111e-02
1.920769736170768738e-02
2.219389192759990692e-02
2.020671591162681580e-02
2.033061720430850983e-02
2.258287742733955383e-02
1.833081059157848358e-02
2.082949131727218628e-02
1.853656582534313202e-02
2.424974739551544189e-02
1.872720755636692047e-02
2.088976465165615082e-02
2.139339409768581390e-02
2.112242765724658966e-02
1.752731204032897949e-02
1.773361675441265106e-02
1.967485807836055756e-02
2.009342983365058899e-02
2.178136259317398071e-02
2.048803307116031647e-02
2.328117936849594116e-02
2.074432373046875000e-02
2.252726815640926361e-02
2.009400911629199982e-02
2.007591538131237030e-02
2.148351632058620453e-02
1.840906031429767609e-02
2.308372035622596741e-02
2.112299576401710510e-02
2.704396843910217285e-02
1.960317417979240417e-02
2.254886552691459656e-02
2.167656458914279938e-02
2.392120845615863800e-02
2.058901824057102203e-02
1.881167665123939514e-02
2.116715908050537109e-02
1.901273801922798157e-02
2.207789570093154907e-02
2.252844162285327911e-02
1.885432936251163483e-02
1.849400997161865234e-02
2.157638221979141235e-02
2.681092545390129089e-02
3.023672848939895630e-02
2.705208025872707367e-02
1.945708319544792175e-02
2.034141495823860168e-02
2.559881098568439484e-02
2.809715829789638519e-02
2.297182567417621613e-02
2.201013453304767609e-02
2.119601704180240631e-02
2.132420986890792847e-02
2.056426368653774261e-02
2.207249775528907776e-02
2.382642403244972229e-02
2.111729048192501068e-02
2.154595963656902313e-02
2.070279419422149658e-02
2.194070629775524139e-02
2.081157639622688293e-02
1.561760343611240387e-02
2.052493952214717865e-02
1.969934254884719849e-02
2.099785953760147095e-02
1.746512204408645630e-02
1.861764676868915558e-02
2.162863500416278839e-02
1.715218275785446167e-02
2.200934477150440216e-02
2.110743895173072815e-02
2.069906890392303467e-02
1.471039839088916779e-02
1.770639047026634216e-02
1.855907961726188660e-02
1.764538884162902832e-02
1.833094470202922821e-02
1.966957375407218933e-02
1.739938557147979736e-02
1.983722113072872162e-02
1.695850118994712830e-02
1.818615198135375977e-02
1.900399662554264069e-02
1.800250820815563202e-02
1.788876205682754517e-02
1.683583669364452362e-02
1.811787486076354980e-02
1.841536723077297211e-02
1.741756871342658997e-02
1.921471580862998962e-02
1.595905981957912445e-02
1.852265745401382446e-02
1.873619295656681061e-02
1.771297119557857513e-02
1.920540258288383484e-02
1.891478523612022400e-02
1.697669737040996552e-02
1.779484376311302185e-02
1.685130037367343903e-02
1.750344969332218170e-02
1.612583361566066742e-02
1.692552305757999420e-02
1.436091586947441101e-02
1.680904068052768707e-02
1.602372713387012482e-02
1.575971394777297974e-02
1.976585760712623596e-02
1.469545811414718628e-02
1.734360866248607635e-02
1.899673976004123688e-02
1.711258105933666229e-02
1.526766736060380936e-02
1.903958246111869812e-02
1.508919894695281982e-02
1.537496596574783325e-02
1.757880486547946930e-02
1.654726453125476837e-02
1.781698875129222870e-02
1.646007224917411804e-02
1.424821745604276657e-02
1.679375208914279938e-02
1.771475747227668762e-02
1.795664615929126740e-02
1.629345677793025970e-02
1.550153456628322601e-02
1.547233574092388153e-02
1.622624136507511139e-02
1.615423336625099182e-02
1.661073602735996246e-02
1.577866077423095703e-02
1.559614483267068863e-02
1.563587412238121033e-02
1.897237449884414673e-02
1.519378181546926498e-02
1.774135977029800415e-02
1.743994839489459991e-02
1.567762158811092377e-02
1.847744546830654144e-02
1.532555557787418365e-02
1.755087077617645264e-02
1.780221797525882721e-02
2.302662655711174011e-02
1.978222280740737915e-02
1.887544617056846619e-02
1.741209253668785095e-02
1.947147212922573090e-02
1.294985134154558182e-02
2.452994510531425476e-02
2.239036560058593750e-02
2.341779135167598724e-02
1.799978502094745636e-02
2.343325875699520111e-02
2.181243710219860077e-02
2.197037078440189362e-02
1.847253367304801941e-02
1.775317825376987457e-02
2.167343720793724060e-02
2.096927165985107422e-02
2.149474993348121643e-02
1.864739507436752319e-02
1.867000944912433624e-02
1.884497702121734619e-02
1.861470378935337067e-02
1.715980656445026398e-02
1.686285249888896942e-02
1.887897029519081116e-02
2.419668622314929962e-02
3.700055554509162903e-02
2.962485142052173615e-02
3.724857792258262634e-02
4.231158271431922913e-02
3.804055601358413696e-02
3.002364933490753174e-02
4.022923856973648071e-02
3.747849538922309875e-02
3.904821723699569702e-02
3.871045261621475220e-02
4.066701978445053101e-02
4.080789536237716675e-02
3.510678187012672424e-02
3.578538820147514343e-02
3.052185289561748505e-02
3.204698115587234497e-02
3.591238707304000854e-02
3.107720799744129181e-02
3.481581807136535645e-02
3.548425063490867615e-02
3.639341518282890320e-02
3.327889367938041687e-02
2.996141277253627777e-02
3.982274234294891357e-02
3.265935182571411133e-02
2.614741399884223938e-02
3.097481280565261841e-02
2.827109396457672119e-02
2.493121847510337830e-02
2.792902477085590363e-02
3.031214885413646698e-02
3.143589943647384644e-02
2.572419308125972748e-02
2.893504872918128967e-02
2.330468036234378815e-02
2.466036938130855560e-02
2.660159952938556671e-02
2.584864571690559387e-02
2.743109129369258881e-02
2.470766939222812653e-02
2.754171192646026611e-02
2.334946952760219574e-02
2.076971717178821564e-02
2.416591346263885498e-02
2.643173746764659882e-02
2.458841167390346527e-02
2.283262088894844055e-02
2.199874632060527802e-02
2.375951781868934631e-02
2.140895649790763855e-02
2.292968519032001495e-02
2.212565019726753235e-02
2.303230762481689453e-02
2.697714231908321381e-02
2.332026883959770203e-02
2.192215435206890106e-02
2.543679252266883850e-02
2.372328750789165497e-02
2.766830287873744965e-02
2.601373009383678436e-02
2.511717192828655243e-02
2.161020226776599884e-02
2.181459218263626099e-02
2.381754107773303986e-02
2.265583164989948273e-02
2.462973631918430328e-02
2.232115343213081360e-02
2.509014680981636047e-02
2.159344404935836792e-02
2.110763266682624817e-02
2.119424007833003998e-02
1.957895420491695404e-02
2.168591134250164032e-02
2.429558150470256805e-02
2.036345563828945160e-02
2.144643105566501617e-02
2.002084814012050629e-02
1.997660100460052490e-02
2.564907819032669067e-02
1.846822723746299744e-02
2.172596007585525513e-02
1.930717006325721741e-02
2.068109996616840363e-02
3.535792231559753418e-02
2.216980792582035065e-02
2.396231517195701599e-02
2.459541708230972290e-02
1.922265812754631042e-02
2.525661140680313110e-02
2.084598317742347717e-02
2.154529653489589691e-02
2.076068148016929626e-02
2.170832455158233643e-02
2.281882800161838531e-02
2.041608653962612152e-02
2.095411904156208038e-02
2.091117762029170990e-02
2.220939844846725464e-02
2.233068458735942841e-02
2.539790607988834381e-02
1.808097586035728455e-02
2.177492156624794006e-02
2.033472247421741486e-02
2.235361374914646149e-02
1.862706057727336884e-02
1.994206570088863373e-02
2.469570003449916840e-02
1.919253729283809662e-02
2.082183584570884705e-02
1.953320018947124481e-02
2.178606763482093811e-02
1.828913018107414246e-02
1.808096468448638916e-02
2.082449384033679962e-02
1.948656700551509857e-02
1.738448627293109894e-02
2.009711414575576782e-02
1.836292631924152374e-02
2.026741951704025269e-02
1.901534944772720337e-02
1.730930805206298828e-02
2.118464000523090363e-02
1.916949823498725891e-02
1.735605299472808838e-02
1.683642342686653137e-02
1.994103752076625824e-02
1.758353039622306824e-02
2.156812511384487152e-02
1.882826536893844604e-02
1.892115175724029541e-02
1.897406764328479767e-02
1.677186414599418640e-02
1.716582849621772766e-02
1.928132213652133942e-02
1.771385595202445984e-02
1.706953905522823334e-02
2.004715986549854279e-02
1.858103461563587189e-02
2.002823911607265472e-02
1.776234805583953857e-02
1.743989437818527222e-02
1.695889979600906372e-02
1.609840989112854004e-02
1.693809777498245239e-02
1.866607926785945892e-02
1.789946109056472778e-02
1.638430729508399963e-02
1.567644998431205750e-02
1.665257290005683899e-02
1.612253114581108093e-02
1.935562118887901306e-02
1.672562398016452789e-02
1.506453845649957657e-02
2.013186365365982056e-02
1.806272380053997040e-02
1.658128015697002411e-02
1.868003234267234802e-02
1.549266465008258820e-02
1.729567162692546844e-02
1.593113131821155548e-02
1.699500344693660736e-02
1.757441647350788116e-02
1.580592617392539978e-02
1.413665059953927994e-02
2.085243165493011475e-02
1.594373211264610291e-02
1.874374970793724060e-02
1.608306542038917542e-02
1.558075565844774246e-02
1.946963369846343994e-02
1.421434991061687469e-02
1.606643572449684143e-02
1.883262209594249725e-02
2.035218290984630585e-02
1.664876192808151245e-02
1.889117807149887085e-02
1.753048598766326904e-02
1.965433359146118164e-02
1.596629992127418518e-02
1.677162013947963715e-02
1.710395142436027527e-02
1.868126168847084045e-02
1.537463814020156860e-02
1.550818886607885361e-02
1.916350983083248138e-02
1.520864665508270264e-02
1.519085373729467392e-02
4.329159110784530640e-02
2.037622407078742981e-02
2.145012840628623962e-02
1.772609725594520569e-02
1.545421127229928970e-02
1.646697521209716797e-02
2.739926427602767944e-02
1.898637600243091583e-02
1.576228253543376923e-02
1.947580091655254364e-02
1.787107065320014954e-02
1.799813844263553619e-02
1.588982902467250824e-02
1.774924248456954956e-02
1.613731682300567627e-02
1.935772970318794250e-02
1.749060302972793579e-02
2.014371380209922791e-02
1.693521440029144287e-02
1.782801374793052673e-02
1.741400361061096191e-02
1.808396354317665100e-02
1.982458680868148804e-02
1.426337100565433502e-02
2.299669943749904633e-02
2.374214120209217072e-02
2.576148882508277893e-02
2.427603863179683685e-02
1.992801204323768616e-02
2.455402538180351257e-02
2.493570558726787567e-02
2.386998012661933899e-02
1.843500696122646332e-02
2.365812845528125763e-02
1.921400800347328186e-02
2.281985059380531311e-02
2.618018910288810730e-02
2.233029343187808990e-02
2.083484828472137451e-02
2.592777833342552185e-02
2.237585745751857758e-02
2.042090520262718201e-02
2.272245287895202637e-02
1.902107894420623779e-02
1.845299080014228821e-02
1.964673586189746857e-02
2.120877057313919067e-02
2.413340471684932709e-02
1.763495616614818573e-02
2.154834009706974030e-02
2.137003280222415924e-02
2.134453691542148590e-02
2.048279158771038055e-02
2.336506731808185577e-02
1.962846890091896057e-02
1.723543368279933929e-02
2.347126230597496033e-02
2.274500019848346710e-02
1.729436405003070831e-02
1.388489548116922379e-02
1.460675336420536041e-02
1.758066378533840179e-02
1.753722317516803741e-02
1.724632643163204193e-02
1.831135898828506470e-02
1.445851940661668777e-02
1.931333728134632111e-02
1.626697182655334473e-02
1.719671674072742462e-02
1.677400618791580200e-02
1.731728576123714447e-02
1.671312004327774048e-02
1.592267304658889771e-02
1.943580992519855499e-02
1.795275323092937469e-02
1.781503297388553619e-02
1.937273703515529633e-02
2.122934907674789429e-02
1.551616564393043518e-02
2.021516859531402588e-02
1.440593227744102478e-02
1.493142265826463699e-02
1.773188821971416473e-02
1.433856319636106491e-02
1.575872302055358887e-02
1.788655295968055725e-02
1.546480692923069000e-02
1.573550328612327576e-02
1.857073605060577393e-02
2.034769020974636078e-02
1.610355824232101440e-02
1.526746526360511780e-02
1.415154617279767990e-02
1.509600132703781128e-02
1.737803593277931213e-02
1.630433090031147003e-02
1.722612790763378143e-02
1.547848898917436600e-02
1.750508882105350494e-02
1.586947962641716003e-02
1.845326088368892670e-02
1.443075202405452728e-02
1.458785589784383774e-02
1.557662151753902435e-02
8.959691040217876434e-03
1.523586735129356384e-02
1.659506186842918396e-02
1.497724559158086777e-02
1.841733977198600769e-02
1.478039100766181946e-02
1.414428651332855225e-02
1.602269709110260010e-02
1.925810053944587708e-02
1.565455459058284760e-02
1.766887307167053223e-02
1.587506197392940521e-02
1.966362632811069489e-02
1.600101962685585022e-02
1.597128808498382568e-02
1.514344383031129837e-02
1.408711820840835571e-02
1.792910322546958923e-02
1.530391722917556763e-02
1.667471788823604584e-02
1.615466549992561340e-02
1.596090197563171387e-02
1.753338612616062164e-02
1.432242244482040405e-02
1.550801564007997513e-02
1.573842577636241913e-02
1.541737746447324753e-02
1.531700138002634048e-02
1.324474718421697617e-02
1.786286942660808563e-02
1.483826804906129837e-02
1.348615903407335281e-02
1.459166221320629120e-02
1.299966778606176376e-02
1.302727591246366501e-02
1.292735431343317032e-02
1.353173796087503433e-02
1.372604537755250931e-02
1.539550069719552994e-02
1.438097190111875534e-02
1.280473545193672180e-02
1.514979731291532516e-02
1.632002927362918854e-02
1.565743610262870789e-02
1.742513664066791534e-02
1.609537005424499512e-02
1.599716581404209137e-02
1.744530908763408661e-02
1.611029356718063354e-02
1.814442686736583710e-02
1.580648869276046753e-02
1.682042889297008514e-02
1.730349473655223846e-02
1.332580205053091049e-02
1.321886014193296432e-02
1.397676952183246613e-02
1.586053147912025452e-02
1.626334711909294128e-02
1.548796705901622772e-02
1.432478427886962891e-02
1.595595106482505798e-02
1.585979014635086060e-02
1.402413193136453629e-02
1.441447716206312180e-02
1.487815007567405701e-02
1.614300906658172607e-02
1.459536235779523849e-02
1.680751703679561615e-02
1.331432163715362549e-02
1.650791987776756287e-02
1.406565029174089432e-02
1.405295357108116150e-02
1.777918823063373566e-02
1.377540361136198044e-02
1.576904393732547760e-02
1.482336223125457764e-02
1.296249218285083771e-02
1.538922078907489777e-02
1.446901913732290268e-02
1.270338054746389389e-02
1.302394177764654160e-02
1.335613150149583817e-02
1.474281214177608490e-02
1.457451563328504562e-02
1.270438916981220245e-02
1.360087096691131592e-02
1.330415718257427216e-02
1.406249497085809708e-02
1.315058115869760513e-02
1.191696338355541229e-02
1.215007435530424118e-02
1.319789793342351913e-02
1.609542407095432281e-02
1.436395850032567978e-02
1.783571764826774597e-02
1.572895050048828125e-02
1.409439928829669952e-02
1.705300621688365936e-02
1.627063564956188202e-02
1.454828493297100067e-02
1.897618733346462250e-02
1.601324602961540222e-02
1.889111287891864777e-02
1.785344257950782776e-02
1.791482232511043549e-02
1.757257431745529175e-02
1.701671257615089417e-02
2.642884664237499237e-02
1.942554116249084473e-02
2.181859873235225677e-02
2.407604642212390900e-02
2.051253430545330048e-02
1.753432862460613251e-02
1.805511489510536194e-02
1.997985877096652985e-02
2.573371306061744690e-02
2.853626199066638947e-02
4.220135137438774109e-02
4.119104892015457153e-02
7.927821576595306396e-02
4.420408606529235840e-02
6.248763948678970337e-02
5.390496924519538879e-02
5.974106490612030029e-02
5.050425976514816284e-02
5.749552696943283081e-02
6.205215677618980408e-02
6.090433523058891296e-02
5.756112933158874512e-02
5.477761477231979370e-02
4.601341858506202698e-02
3.841223940253257751e-02
4.066526889801025391e-02
4.562200978398323059e-02
4.292922466993331909e-02
2.979670837521553040e-02
3.420408070087432861e-02
3.468170389533042908e-02
3.709683567285537720e-02
3.335068374872207642e-02
3.257775679230690002e-02
2.911807782948017120e-02
3.268740698695182800e-02
3.013526648283004761e-02
2.473192475736141205e-02
2.819323353469371796e-02
2.644927240908145905e-02
2.352044731378555298e-02
2.822358161211013794e-02
2.824729308485984802e-02
2.408665232360363007e-02
2.939238399267196655e-02
2.588286623358726501e-02
2.593827806413173676e-02
2.416983805596828461e-02
2.038495987653732300e-02
2.729161642491817474e-02
2.041265182197093964e-02
2.666591294109821320e-02
2.284070476889610291e-02
2.521142363548278809e-02
2.236781641840934753e-02
2.377396076917648315e-02
2.462471276521682739e-02
2.165000326931476593e-02
2.549559995532035828e-02
2.461517229676246643e-02
2.377833984792232513e-02
2.091349288821220398e-02
2.156091667711734772e-02
2.105411700904369354e-02
2.038754709064960480e-02
2.139025367796421051e-02
3.534455969929695129e-02
7.601826637983322144e-02
8.589146286249160767e-02
9.828899800777435303e-02
8.656048029661178589e-02
8.736284077167510986e-02
8.505386859178543091e-02
8.731363713741302490e-02
7.809761166572570801e-02
8.326095342636108398e-02
7.097429037094116211e-02
7.999384403228759766e-02
7.623178511857986450e-02
7.462972402572631836e-02
7.514563202857971191e-02
8.370418846607208252e-02
6.964853405952453613e-02
7.172991335391998291e-02
5.607444420456886292e-02
5.835974961519241333e-02
6.224090978503227234e-02
5.895746499300003052e-02
5.182642489671707153e-02
6.361801922321319580e-02
5.614032223820686340e-02
5.509860068559646606e-02
5.452158302068710327e-02
5.423817038536071777e-02
5.351010337471961975e-02
5.040373653173446655e-02
5.780996009707450867e-02
4.658371210098266602e-02
4.537256434559822083e-02
4.781284928321838379e-02
4.658087342977523804e-02
2.992734126746654510e-02
5.641827732324600220e-02
5.057026445865631104e-02
5.099304392933845520e-02
4.670814052224159241e-02
3.693816810846328735e-02
3.934809938073158264e-02
3.895085304975509644e-02
4.454436898231506348e-02
4.694536700844764709e-02
3.482539579272270203e-02
4.067338630557060242e-02
3.494951128959655762e-02
3.748153150081634521e-02
4.022015258669853210e-02
3.708058595657348633e-02
2.974420972168445587e-02
3.708747029304504395e-02
3.177772462368011475e-02
3.643671795725822449e-02
3.256251290440559387e-02
3.463388234376907349e-02
3.742362558841705322e-02
2.955652773380279541e-02
2.772251516580581665e-02
3.652299940586090088e-02
2.980905398726463318e-02
3.125506266951560974e-02
3.097932785749435425e-02
3.582729026675224304e-02
3.404182568192481995e-02
3.189412876963615417e-02
2.989020012319087982e-02
3.042900003492832184e-02
3.155004978179931641e-02
3.317983075976371765e-02
2.832118049263954163e-02
3.046123869717121124e-02
3.376046568155288696e-02
2.918867766857147217e-02
2.718071267008781433e-02
2.927812002599239349e-02
2.692792937159538269e-02
2.521617338061332703e-02
2.809299156069755554e-02
2.654683776199817657e-02
2.582670934498310089e-02
2.297971025109291077e-02
2.765010483562946320e-02
2.017478272318840027e-02
2.539813891053199768e-02
2.786324918270111084e-02
2.446565032005310059e-02
2.383201941847801208e-02
2.078974433243274689e-02
2.175262942910194397e-02
2.482307888567447662e-02
2.332652173936367035e-02
2.495634928345680237e-02
2.400196902453899384e-02
2.147791534662246704e-02
1.980882696807384491e-02
1.973637193441390991e-02
2.298105508089065552e-02
2.203109674155712128e-02
2.373429946601390839e-02
2.326721698045730591e-02
1.993185281753540039e-02
2.046344056725502014e-02
2.173660509288311005e-02
2.240494638681411743e-02
2.320313081145286560e-02
2.301955781877040863e-02
2.270687371492385864e-02
2.307222597301006317e-02
2.610426023602485657e-02
1.965945959091186523e-02
2.513504959642887115e-02
2.175743319094181061e-02
2.319118380546569824e-02
2.058151178061962128e-02
2.830819785594940186e-02
1.873493194580078125e-02
2.117234095931053162e-02
2.012928947806358337e-02
1.948380470275878906e-02
1.787274330854415894e-02
1.934359967708587646e-02
1.786644198000431061e-02
1.946422085165977478e-02
2.308515831828117371e-02
2.030102349817752838e-02
2.199038863182067871e-02
1.611377857625484467e-02
2.176886424422264099e-02
2.432921901345252991e-02
2.124468237161636353e-02
1.849259063601493835e-02
2.145422063767910004e-02
2.146105095744132996e-02
1.907369121909141541e-02
1.896735094487667084e-02
1.870860718190670013e-02
2.414670586585998535e-02
1.177771948277950287e-02
2.119488641619682312e-02
1.657307706773281097e-02
2.134050242602825165e-02
2.018418908119201660e-02
1.820538379251956940e-02
2.082363143563270569e-02
1.803789846599102020e-02
1.962652429938316345e-02
1.982110738754272461e-02
1.961335167288780212e-02
2.129351906478404999e-02
1.708075962960720062e-02
2.147706225514411926e-02
2.077661827206611633e-02
2.036521770060062408e-02
2.118693292140960693e-02
1.445841975510120392e-02
1.877481117844581604e-02
1.635626889765262604e-02
1.761075668036937714e-02
1.930182054638862610e-02
1.917897164821624756e-02
2.016188576817512512e-02
1.693694852292537689e-02
1.758234761655330658e-02
1.822893135249614716e-02
1.854076422750949860e-02
1.676521450281143188e-02
1.673525385558605194e-02
1.691296882927417755e-02
2.041604742407798767e-02
1.486387662589550018e-02
1.613995060324668884e-02
1.636711321771144867e-02
1.898598670959472656e-02
1.793410256505012512e-02
1.591406017541885376e-02
1.500682160258293152e-02
1.418930198997259140e-02
1.411019172519445419e-02
1.746582239866256714e-02
1.452060230076313019e-02
1.661598123610019684e-02
1.645436324179172516e-02
1.555196754634380341e-02
2.050054818391799927e-02
1.650846563279628754e-02
1.818287000060081482e-02
1.615167036652565002e-02
1.361184101551771164e-02
1.763509027659893036e-02
1.961896196007728577e-02
1.654279604554176331e-02
1.785370707511901855e-02
1.628214679658412933e-02
1.469525136053562164e-02
1.901443488895893097e-02
1.964267529547214508e-02
1.836789771914482117e-02
1.667908392846584320e-02
1.731584034860134125e-02
1.678822562098503113e-02
1.583738252520561218e-02
1.659564673900604248e-02
1.312354765832424164e-02
1.267199590802192688e-02
2.476010657846927643e-02
1.735696196556091309e-02
1.689123548567295074e-02
1.796599663794040680e-02
2.125144004821777344e-02
1.698752678930759430e-02
1.583105511963367462e-02
1.668084040284156799e-02
1.733895391225814819e-02
1.535586174577474594e-02
1.760530471801757812e-02
1.427020225673913956e-02
1.426330674439668655e-02
1.560045685619115829e-02
1.637714169919490814e-02
1.652782224118709564e-02
1.473713107407093048e-02
1.910884678363800049e-02
1.224636565893888474e-02
1.467960979789495468e-02
1.354065351188182831e-02
1.458211801946163177e-02
1.709600724279880524e-02
1.849568076431751251e-02
1.571911759674549103e-02
1.584539003670215607e-02
1.710045710206031799e-02
1.619319617748260498e-02
1.623806729912757874e-02
1.459074486047029495e-02
1.405382156372070312e-02
1.756274886429309845e-02
1.269193552434444427e-02
1.678965054452419281e-02
1.376535277813673019e-02
1.322319544851779938e-02
1.339975837618112564e-02
1.085586473345756531e-02
1.756825670599937439e-02
1.449595764279365540e-02
1.487133465707302094e-02
1.291152834892272949e-02
1.418114267289638519e-02
1.743689179420471191e-02
1.555918343365192413e-02
1.807482540607452393e-02
1.844712160527706146e-02
1.345134992152452469e-02
1.571827009320259094e-02
1.495151594281196594e-02
1.374513749033212662e-02
1.708734966814517975e-02
1.740800775587558746e-02
1.569985225796699524e-02
1.327056623995304108e-02
1.534101925790309906e-02
1.962986588478088379e-02
1.817551068961620331e-02
1.518092676997184753e-02
1.616127230226993561e-02
1.724376529455184937e-02
1.903986185789108276e-02
2.315643429756164551e-02
1.763459481298923492e-02
1.596565730869770050e-02
1.843317411839962006e-02
1.604036428034305573e-02
1.637359522283077240e-02
1.884544268250465393e-02
1.458378136157989502e-02
1.454449538141489029e-02
1.509172003716230392e-02
2.076972648501396179e-02
1.692734099924564362e-02
1.367382053285837173e-02
1.243493426591157913e-02
1.455714274197816849e-02
1.572456210851669312e-02
1.699161529541015625e-02
1.392957847565412521e-02
1.313508301973342896e-02
1.608153991401195526e-02
1.561533007770776749e-02
1.307957246899604797e-02
1.661437004804611206e-02
1.540885865688323975e-02
1.653791218996047974e-02
1.561993267387151718e-02
1.357590779662132263e-02
1.455917768180370331e-02
1.409305725246667862e-02
1.505088806152343750e-02
1.559454947710037231e-02
1.260626502335071564e-02
1.405399851500988007e-02
1.526964083313941956e-02
1.409070007503032684e-02
1.459061261266469955e-02
1.429006829857826233e-02
1.678473688662052155e-02
1.341405883431434631e-02
1.124170422554016113e-02
1.359542924910783768e-02
1.676116883754730225e-02
1.496602594852447510e-02
1.873190142214298248e-02
1.346143707633018494e-02
1.587706990540027618e-02
1.663103513419628143e-02
1.392629183828830719e-02
1.283751428127288818e-02
1.342599093914031982e-02
1.293531060218811035e-02
1.444122102111577988e-02
1.457556243985891342e-02
1.233806554228067398e-02
1.419935096055269241e-02
1.472538057714700699e-02
1.525980141013860703e-02
1.425842009484767914e-02
1.401535142213106155e-02
1.263983175158500671e-02
1.543719321489334106e-02
1.500842068344354630e-02
1.494931336492300034e-02
1.714568585157394409e-02
1.378719136118888855e-02
1.790434122085571289e-02
1.449852902442216873e-02
1.265900861471891403e-02
1.359570678323507309e-02
1.203938946127891541e-02
1.410115323960781097e-02
1.232180092483758926e-02
1.368183735758066177e-02
1.383813936263322830e-02
1.384125277400016785e-02
1.209937036037445068e-02
1.397836208343505859e-02
1.167581789195537567e-02
1.436369866132736206e-02
8.763215504586696625e-03
1.805592887103557587e-02
1.284044981002807617e-02
1.400016061961650848e-02
1.245311368256807327e-02
1.039059832692146301e-02
1.221401523798704147e-02
1.263997051864862442e-02
1.296517625451087952e-02
1.403643842786550522e-02
1.261629816144704819e-02
1.342954393476247787e-02
1.217231526970863342e-02
1.203164551407098770e-02
1.482797507196664810e-02
1.259344723075628281e-02
1.410163100808858871e-02
1.391390431672334671e-02
1.337664108723402023e-02
1.467870641499757767e-02
1.263258513063192368e-02
1.204764097929000854e-02
1.402526348829269409e-02
1.166662946343421936e-02
1.370508689433336258e-02
1.151490490883588791e-02
1.646596193313598633e-02
1.298944838345050812e-02
1.276851352304220200e-02
1.191136799752712250e-02
1.408041175454854965e-02
1.262560207396745682e-02
1.089783478528261185e-02
1.061055622994899750e-02
1.082689687609672546e-02
1.554595679044723511e-02
1.324916444718837738e-02
1.514578796923160553e-02
1.348610967397689819e-02
1.341679412871599197e-02
1.295878458768129349e-02
1.094398833811283112e-02
1.241835206747055054e-02
1.433678530156612396e-02
1.321406289935112000e-02
1.237592194229364395e-02
1.422590017318725586e-02
1.330075506120920181e-02
1.102990470826625824e-02
1.269866060465574265e-02
1.341262832283973694e-02
1.583925634622573853e-02
1.268922444432973862e-02
1.364103611558675766e-02
1.415483187884092331e-02
1.330861076712608337e-02
1.343196723610162735e-02
1.248227059841156006e-02
1.125533971935510635e-02
1.022020634263753891e-02
1.323581580072641373e-02
1.200543064624071121e-02
1.276753004640340805e-02
1.145712472498416901e-02
1.341500878334045410e-02
1.314122043550014496e-02
1.364060491323471069e-02
1.227189972996711731e-02
1.250943634659051895e-02
1.184952910989522934e-02
1.303647086024284363e-02
1.358616817742586136e-02
1.228266581892967224e-02
1.158028468489646912e-02
1.411984208971261978e-02
1.341233309358358383e-02
1.363854203373193741e-02
1.338871661573648453e-02
1.533538289368152618e-02
1.306296326220035553e-02
1.633834838867187500e-02
1.217039581388235092e-02
1.440688408911228180e-02
1.378963328897953033e-02
1.372945308685302734e-02
1.289675943553447723e-02
1.311091706156730652e-02
1.223145518451929092e-02
1.556002348661422729e-02
1.369164139032363892e-02
1.240433752536773682e-02
1.453199051320552826e-02
1.220624987035989761e-02
1.158193312585353851e-02
1.077610347419977188e-02
1.145275402814149857e-02
1.252619083970785141e-02
1.395862642675638199e-02
1.247741375118494034e-02
1.321175415068864822e-02
1.229072920978069305e-02
1.263792347162961960e-02
1.338173542171716690e-02
1.328906323760747910e-02
7.675362750887870789e-03
1.223374623805284500e-02
1.209553331136703491e-02
1.134192850440740585e-02
1.138605363667011261e-02
9.653577581048011780e-03
1.366733945906162262e-02
1.219585724174976349e-02
1.226323843002319336e-02
1.020259875804185867e-02
1.059831585735082626e-02
1.214373297989368439e-02
1.196405384689569473e-02
1.092029828578233719e-02
1.071595866233110428e-02
9.454911574721336365e-03
1.127651147544384003e-02
1.284840703010559082e-02
1.048704702407121658e-02
1.214163005352020264e-02
1.315692532807588577e-02
1.160364877432584763e-02
1.286444719880819321e-02
1.088841632008552551e-02
1.342260558158159256e-02
1.113403029739856720e-02
1.091453526169061661e-02
1.125712413340806961e-02
1.109569240361452103e-02
1.100450195372104645e-02
1.395382266491651535e-02
1.052757352590560913e-02
1.164459157735109329e-02
1.031955797225236893e-02
1.018489245325326920e-02
1.056199893355369568e-02
1.112590730190277100e-02
1.201945729553699493e-02
1.530003733932971954e-02
1.289588399231433868e-02
1.087045483291149139e-02
1.457878202199935913e-02
1.255430001765489578e-02
1.255795173346996307e-02
1.278138533234596252e-02
1.104098185896873474e-02
1.125368289649486542e-02
1.147325523197650909e-02
1.280332077294588089e-02
1.018324214965105057e-02
1.267484854906797409e-02
1.117910444736480713e-02
1.416771300137042999e-02
1.134862471371889114e-02
1.244349498301744461e-02
1.650620438158512115e-02
1.035768352448940277e-02
1.267509162425994873e-02
1.393261272460222244e-02
1.337734796106815338e-02
1.395676285028457642e-02
1.307615451514720917e-02
1.129494421184062958e-02
1.429396774619817734e-02
1.287453528493642807e-02
1.197827327996492386e-02
1.271250098943710327e-02
1.343287434428930283e-02
1.179898064583539963e-02
1.159870252013206482e-02
1.255796384066343307e-02
1.159165799617767334e-02
1.169616170227527618e-02
1.279418449848890305e-02
1.090143527835607529e-02
1.494426839053630829e-02
2.566342242062091827e-02
1.600988209247589111e-02
1.465459726750850677e-02
2.148707024753093719e-02
1.458692643791437149e-02
1.675522327423095703e-02
3.295747935771942139e-02
2.878697589039802551e-02
2.879110351204872131e-02
3.315417468547821045e-02
3.200350701808929443e-02
3.605064377188682556e-02
2.790151350200176239e-02
2.511231601238250732e-02
2.313147112727165222e-02
2.268668264150619507e-02
2.126879617571830750e-02
2.304889447987079620e-02
2.532169409096240997e-02
2.699670195579528809e-02
2.351088821887969971e-02
2.042976021766662598e-02
2.267298661172389984e-02
1.974925957620143890e-02
2.159311436116695404e-02
2.027358114719390869e-02
1.629944704473018646e-02
1.620497182011604309e-02
1.820408925414085388e-02
1.949343830347061157e-02
1.931012794375419617e-02
2.543389797210693359e-02
1.925781182944774628e-02
1.949234865605831146e-02
1.933300867676734924e-02
2.188602276146411896e-02
1.920953951776027679e-02
1.964578777551651001e-02
2.135414816439151764e-02
1.898343488574028015e-02
1.954612694680690765e-02
1.831693761050701141e-02
3.030855208635330200e-02
2.870326302945613861e-02
2.736892178654670715e-02
3.026488423347473145e-02
1.848637126386165619e-02
2.371683344244956970e-02
2.488376945257186890e-02
1.985723711550235748e-02
2.284413203597068787e-02
1.996793225407600403e-02
2.094069495797157288e-02
1.570063643157482147e-02
1.689921133220195770e-02
1.777858659625053406e-02
1.700591109693050385e-02
1.709894277155399323e-02
2.101207897067070007e-02
1.894900016486644745e-02
1.809027418494224548e-02
1.664594560861587524e-02
1.712578348815441132e-02
1.462924294173717499e-02
1.572952419519424438e-02
1.642652414739131927e-02
1.489649526774883270e-02
1.686370931565761566e-02
1.668160594999790192e-02
1.534347049891948700e-02
1.427303999662399292e-02
1.679452508687973022e-02
1.678648963570594788e-02
1.621197722852230072e-02
1.639102771878242493e-02
1.112402696162462234e-02
1.524121221154928207e-02
1.284836698323488235e-02
1.684415712952613831e-02
1.675906032323837280e-02
1.411992125213146210e-02
1.231316011399030685e-02
1.390467956662178040e-02
1.531806495040655136e-02
1.172772422432899475e-02
1.355901733040809631e-02
1.146773155778646469e-02
1.395505759865045547e-02
1.286857016384601593e-02
1.375835575163364410e-02
1.473502349108457565e-02
1.366597786545753479e-02
1.391527056694030762e-02
1.456683315336704254e-02
1.404924318194389343e-02
1.447581592947244644e-02
1.219718996435403824e-02
1.278402190655469894e-02
1.378281973302364349e-02
1.324183028191328049e-02
1.623735204339027405e-02
1.394340023398399353e-02
1.356843765825033188e-02
1.573242619633674622e-02
1.150068826973438263e-02
1.221696939319372177e-02
1.494661252945661545e-02
1.182043366134166718e-02
1.305988244712352753e-02
1.392908487468957901e-02
1.275632623583078384e-02
9.928071871399879456e-03
1.467424444854259491e-02
1.470222510397434235e-02
1.492457929998636246e-02
1.324854232370853424e-02
1.439532265067100525e-02
1.260058302432298660e-02
1.628197170794010162e-02
1.592743583023548126e-02
1.430831663310527802e-02
2.101154997944831848e-02
1.416821032762527466e-02
1.426884531974792480e-02
1.228622905910015106e-02
1.563515886664390564e-02
2.384815551340579987e-02
1.551133673638105392e-02
1.493000425398349762e-02
1.666513644158840179e-02
1.982970908284187317e-02
3.264064341783523560e-02
2.022032067179679871e-02
2.311398275196552277e-02
1.712190546095371246e-02
1.656186021864414215e-02
1.713281497359275818e-02
1.945095323026180267e-02
1.670603640377521515e-02
1.612560264766216278e-02
1.747254654765129089e-02
2.479755505919456482e-02
1.954666338860988617e-02
1.413647457957267761e-02
1.668590679764747620e-02
1.951761916279792786e-02
1.928055100142955780e-02
1.718634925782680511e-02
1.661805436015129089e-02
1.798631809651851654e-02
1.551695261150598526e-02
1.609948091208934784e-02
1.422818657010793686e-02
1.659834384918212891e-02
1.597125455737113953e-02
1.462883502244949341e-02
1.183536648750305176e-02
1.190467923879623413e-02
1.407149061560630798e-02
1.554369926452636719e-02
1.204713620245456696e-02
1.039702445268630981e-02
1.368402130901813507e-02
1.263370923697948456e-02
1.273068320006132126e-02
1.246801950037479401e-02
1.466292794793844223e-02
1.255895011126995087e-02
1.034848578274250031e-02
1.399553380906581879e-02
1.160618104040622711e-02
1.216690614819526672e-02
1.467018015682697296e-02
1.184838917106389999e-02
1.131531689316034317e-02
1.221524924039840698e-02
1.290495134890079498e-02
1.055949833244085312e-02
1.151449605822563171e-02
1.009430643171072006e-02
1.251699496060609818e-02
1.341951638460159302e-02
1.297984737902879715e-02
1.249792985618114471e-02
1.217553112655878067e-02
1.028140541166067123e-02
1.279114466160535812e-02
1.312238164246082306e-02
1.306632533669471741e-02
1.203395333141088486e-02
1.505540125072002411e-02
1.109029818326234818e-02
1.097407843917608261e-02
1.154541969299316406e-02
1.106964144855737686e-02
1.210354175418615341e-02
1.206299476325511932e-02
1.286811288446187973e-02
1.459585130214691162e-02
1.099496148526668549e-02
1.594150066375732422e-02
1.380730234086513519e-02
1.353139802813529968e-02
1.432635448873043060e-02
1.483413204550743103e-02
1.177103258669376373e-02
1.182808913290500641e-02
1.231245882809162140e-02
1.371741294860839844e-02
1.203945931047201157e-02
1.306255720555782318e-02
1.491846796125173569e-02
1.288481149822473526e-02
1.039512176066637039e-02
1.163163501769304276e-02
1.224365085363388062e-02
1.003509480506181717e-02
1.330702845007181168e-02
1.140194851905107498e-02
1.185287721455097198e-02
1.214073505252599716e-02
1.086110621690750122e-02
9.195058606564998627e-03
1.015124749392271042e-02
9.471602737903594971e-03
1.005936600267887115e-02
1.359928864985704422e-02
1.152473874390125275e-02
9.340958669781684875e-03
1.154200732707977295e-02
1.079692877829074860e-02
1.050234679132699966e-02
9.690780192613601685e-03
1.048021204769611359e-02
1.077551580965518951e-02
8.807540871202945709e-03
9.507689625024795532e-03
1.088823005557060242e-02
1.078038848936557770e-02
1.032500993460416794e-02
1.102977246046066284e-02
9.835402481257915497e-03
9.116823785006999969e-03
8.493525907397270203e-03
1.060262229293584824e-02
1.103711966425180435e-02
9.798963554203510284e-03
1.016043778508901596e-02
1.147126778960227966e-02
9.787661023437976837e-03
1.028716377913951874e-02
1.238390244543552399e-02
1.034414209425449371e-02
1.066883839666843414e-02
9.441544301807880402e-03
1.002238783985376358e-02
9.783960878849029541e-03
1.118439156562089920e-02
1.036672107875347137e-02
1.173994597047567368e-02
9.425518102943897247e-03
9.614836424589157104e-03
1.171478908509016037e-02
9.256301447749137878e-03
8.451769128441810608e-03
9.489669464528560638e-03
9.293094277381896973e-03
1.111868303269147873e-02
1.045768335461616516e-02
9.379073046147823334e-03
9.645448997616767883e-03
1.020615641027688980e-02
1.038602739572525024e-02
8.505286648869514465e-03
1.012673228979110718e-02
1.026736386120319366e-02
9.187201038002967834e-03
1.115683838725090027e-02
1.054713409394025803e-02
1.042883656919002533e-02
9.991071186959743500e-03
1.075574662536382675e-02
9.350700303912162781e-03
1.015514601022005081e-02
1.030889805406332016e-02
1.252691633999347687e-02
9.625859558582305908e-03
9.248416870832443237e-03
1.012540236115455627e-02
8.870887570083141327e-03
9.182481095194816589e-03
1.095454208552837372e-02
1.162996049970388412e-02
9.510034695267677307e-03
1.091276295483112335e-02
9.594300761818885803e-03
9.809950366616249084e-03
1.088616158813238144e-02
1.231307722628116608e-02
1.015791017562150955e-02
9.837263263761997223e-03
1.050734054297208786e-02
9.481756947934627533e-03
7.631458342075347900e-03
1.091154478490352631e-02
1.106213405728340149e-02
1.070576161146163940e-02
1.066877692937850952e-02
1.130867470055818558e-02
1.049494277685880661e-02
8.699981495738029480e-03
9.742568247020244598e-03
1.007615122944116592e-02
1.065983623266220093e-02
9.416195563971996307e-03
8.975485339760780334e-03
9.033154696226119995e-03
1.033624913543462753e-02
9.029580280184745789e-03
1.150895375758409500e-02
9.858614765107631683e-03
9.990528225898742676e-03
1.190974842756986618e-02
1.011179015040397644e-02
1.005543209612369537e-02
1.137841586023569107e-02
1.629159972071647644e-02
2.986581437289714813e-02
3.199111670255661011e-02
3.451924026012420654e-02
3.485214337706565857e-02
3.029286861419677734e-02
2.664154767990112305e-02
2.611510828137397766e-02
2.080843783915042877e-02
2.405887097120285034e-02
2.245185524225234985e-02
2.344347909092903137e-02
2.217388153076171875e-02
2.308182977139949799e-02
1.344331726431846619e-02
