2.132886946201324463e-01
2.259040176868438721e-01
2.291911542415618896e-01
2.229794859886169434e-01
2.259461581707000732e-01
2.054917365312576294e-01
2.186701893806457520e-01
2.069683223962783813e-01
2.009780555963516235e-01
1.988029778003692627e-01
2.077514231204986572e-01
2.087354212999343872e-01
1.964075863361358643e-01
1.872467845678329468e-01
1.896399855613708496e-01
1.938765645027160645e-01
1.957962512969970703e-01
1.909342408180236816e-01
1.791543215513229370e-01
1.655893027782440186e-01
1.723873913288116455e-01
1.651655286550521851e-01
1.608283966779708862e-01
1.630865484476089478e-01
1.565939635038375854e-01
1.555482149124145508e-01
1.526187360286712646e-01
1.504233032464981079e-01
1.536833643913269043e-01
1.513190567493438721e-01
1.505980789661407471e-01
1.434909403324127197e-01
1.527837365865707397e-01
1.396792382001876831e-01
1.439663469791412354e-01
1.397362947463989258e-01
1.477291136980056763e-01
1.314240843057632446e-01
1.337609738111495972e-01
1.300843954086303711e-01
1.374522596597671509e-01
1.403665840625762939e-01
1.372373849153518677e-01
1.358795017004013062e-01
1.361826807260513306e-01
1.322862654924392700e-01
1.318858265876770020e-01
1.295469552278518677e-01
1.260186731815338135e-01
1.286191195249557495e-01
1.301695704460144043e-01
1.292245984077453613e-01
1.343859583139419556e-01
1.298533231019973755e-01
1.150903478264808655e-01
1.366820633411407471e-01
1.205351501703262329e-01
1.209413558244705200e-01
1.180550158023834229e-01
1.144578382372856140e-01
1.243649572134017944e-01
1.239372715353965759e-01
1.240740269422531128e-01
1.195461750030517578e-01
1.249352917075157166e-01
1.132126972079277039e-01
1.183040961623191833e-01
1.111614182591438293e-01
1.112374663352966309e-01
1.227820590138435364e-01
1.181697845458984375e-01
1.216758489608764648e-01
1.195746883749961853e-01
1.236358359456062317e-01
1.209618002176284790e-01
1.188021153211593628e-01
1.171479970216751099e-01
1.123039126396179199e-01
1.176328659057617188e-01
1.110110506415367126e-01
1.009360626339912415e-01
1.066237092018127441e-01
1.072210371494293213e-01
1.080172881484031677e-01
1.140577271580696106e-01
1.143281459808349609e-01
1.102139949798583984e-01
1.008585989475250244e-01
1.002004593610763550e-01
1.001225337386131287e-01
1.018482223153114319e-01
9.715351462364196777e-02
9.313548356294631958e-02
9.270851314067840576e-02
9.524264931678771973e-02
9.386375546455383301e-02
1.010884046554565430e-01
9.451715648174285889e-02
9.259745478630065918e-02
9.963802993297576904e-02
1.012898087501525879e-01
9.819950908422470093e-02
8.677737414836883545e-02
8.817154914140701294e-02
8.866596221923828125e-02
8.542952686548233032e-02
8.558095991611480713e-02
9.476035833358764648e-02
8.289719372987747192e-02
8.694278448820114136e-02
9.728152304887771606e-02
8.722435683012008667e-02
9.229172766208648682e-02
9.216860681772232056e-02
9.093986451625823975e-02
7.973816990852355957e-02
9.314548224210739136e-02
7.898721098899841309e-02
8.412880450487136841e-02
7.121697813272476196e-02
9.035225212574005127e-02
8.550677448511123657e-02
9.633195400238037109e-02
7.353399693965911865e-02
8.645863085985183716e-02
8.108582347631454468e-02
7.757911831140518188e-02
8.450160920619964600e-02
8.328487724065780640e-02
7.930094748735427856e-02
8.053234964609146118e-02
8.035150915384292603e-02
7.308688759803771973e-02
7.673997431993484497e-02
7.562132924795150757e-02
8.250237256288528442e-02
8.628400415182113647e-02
7.656887918710708618e-02
8.125407993793487549e-02
7.426455616950988770e-02
7.680967450141906738e-02
7.997936010360717773e-02
7.459178566932678223e-02
7.569225132465362549e-02
7.606355845928192139e-02
7.456290721893310547e-02
7.219413667917251587e-02
7.247646898031234741e-02
7.132451981306076050e-02
6.655432283878326416e-02
6.587995588779449463e-02
6.816935539245605469e-02
7.682410627603530884e-02
6.396006792783737183e-02
6.441430747509002686e-02
6.996551156044006348e-02
7.234252989292144775e-02
7.518425583839416504e-02
6.157664209604263306e-02
6.651708483695983887e-02
6.989147514104843140e-02
7.004183530807495117e-02
6.233728677034378052e-02
6.828860193490982056e-02
6.699512153863906860e-02
7.417438179254531860e-02
6.894429773092269897e-02
7.217507064342498779e-02
6.580616533756256104e-02
6.259077042341232300e-02
5.989316850900650024e-02
6.217031553387641907e-02
5.786345526576042175e-02
6.198503449559211731e-02
6.949743628501892090e-02
6.692782044410705566e-02
6.449188292026519775e-02
6.443028897047042847e-02
5.799012631177902222e-02
6.351683288812637329e-02
6.349857896566390991e-02
5.609246343374252319e-02
5.994051322340965271e-02
6.118541955947875977e-02
5.783439800143241882e-02
5.013331770896911621e-02
6.400030851364135742e-02
5.526189506053924561e-02
5.486707761883735657e-02
5.876156315207481384e-02
5.822869017720222473e-02
6.253128498792648315e-02
5.741189047694206238e-02
5.525410920381546021e-02
5.538617074489593506e-02
6.480976939201354980e-02
5.307287722826004028e-02
5.972390249371528625e-02
5.696560442447662354e-02
5.522606149315834045e-02
5.452082306146621704e-02
4.695507511496543884e-02
5.274834111332893372e-02
4.493086785078048706e-02
6.049592420458793640e-02
5.188545957207679749e-02
5.559403449296951294e-02
4.739861190319061279e-02
4.829266667366027832e-02
5.003852024674415588e-02
5.819059535861015320e-02
4.803246259689331055e-02
5.265254154801368713e-02
5.705596506595611572e-02
5.858043581247329712e-02
5.154093354940414429e-02
4.992081224918365479e-02
4.872852936387062073e-02
5.405769869685173035e-02
5.507429689168930054e-02
6.531335413455963135e-02
5.640550330281257629e-02
5.395261198282241821e-02
4.825659468770027161e-02
5.715710297226905823e-02
5.236751958727836609e-02
5.369796603918075562e-02
5.581772327423095703e-02
4.662053287029266357e-02
4.706936702132225037e-02
5.366263166069984436e-02
5.026672035455703735e-02
4.925098270177841187e-02
5.244701728224754333e-02
5.021444708108901978e-02
4.493628442287445068e-02
4.687370732426643372e-02
5.092903226613998413e-02
4.628322646021842957e-02
5.285035446286201477e-02
4.470698535442352295e-02
4.761125519871711731e-02
4.999528080224990845e-02
4.488548263907432556e-02
4.931456595659255981e-02
5.121734738349914551e-02
4.943718761205673218e-02
5.232994630932807922e-02
4.803497344255447388e-02
4.491494223475456238e-02
4.532624036073684692e-02
4.421101137995719910e-02
4.684236645698547363e-02
4.698503762483596802e-02
4.696449264883995056e-02
5.071125552058219910e-02
4.626271128654479980e-02
4.357456415891647339e-02
4.707050323486328125e-02
4.379917681217193604e-02
4.855487495660781860e-02
4.258710891008377075e-02
4.066076502203941345e-02
4.319896176457405090e-02
4.165606573224067688e-02
5.224626511335372925e-02
4.472152143716812134e-02
5.863455682992935181e-02
5.273213237524032593e-02
4.679044708609580994e-02
5.198657140135765076e-02
4.864130169153213501e-02
4.708278179168701172e-02
3.990707546472549438e-02
4.687775671482086182e-02
4.716137796640396118e-02
4.130489379167556763e-02
4.830992594361305237e-02
5.485826730728149414e-02
4.459321126341819763e-02
4.080152884125709534e-02
4.737063869833946228e-02
4.613163694739341736e-02
5.121867358684539795e-02
4.105091094970703125e-02
4.305711388587951660e-02
4.428287968039512634e-02
4.341990500688552856e-02
4.016974568367004395e-02
4.316507279872894287e-02
4.193532466888427734e-02
3.896081820130348206e-02
4.704396054148674011e-02
4.553237557411193848e-02
4.087331891059875488e-02
3.716228529810905457e-02
4.140102490782737732e-02
3.685250133275985718e-02
4.077970981597900391e-02
4.415195807814598083e-02
4.147349670529365540e-02
3.865008801221847534e-02
4.461751878261566162e-02
4.094386473298072815e-02
4.128116369247436523e-02
4.291775450110435486e-02
4.316651821136474609e-02
4.165885597467422485e-02
4.019131883978843689e-02
3.884764760732650757e-02
4.160110279917716980e-02
3.240894153714179993e-02
4.052961245179176331e-02
3.679587319493293762e-02
3.493430465459823608e-02
3.962883353233337402e-02
4.177327454090118408e-02
3.734908998012542725e-02
3.919203206896781921e-02
3.910703584551811218e-02
3.810037672519683838e-02
3.689508140087127686e-02
3.860859572887420654e-02
3.278880938887596130e-02
4.186885058879852295e-02
3.515740483999252319e-02
3.228257596492767334e-02
3.622130677103996277e-02
3.926740586757659912e-02
3.541217744350433350e-02
3.943971171975135803e-02
3.994797915220260620e-02
4.020597040653228760e-02
4.028987139463424683e-02
4.226748645305633545e-02
3.835258632898330688e-02
3.928500041365623474e-02
3.571965172886848450e-02
3.916863724589347839e-02
3.706993162631988525e-02
3.671986609697341919e-02
3.800822421908378601e-02
3.616734221577644348e-02
3.681999072432518005e-02
3.210902959108352661e-02
3.575748205184936523e-02
3.307431936264038086e-02
3.901883959770202637e-02
3.319432213902473450e-02
3.884739428758621216e-02
3.332943096756935120e-02
3.549609333276748657e-02
3.673610836267471313e-02
3.436815366148948669e-02
3.429101780056953430e-02
3.795232623815536499e-02
3.873525932431221008e-02
3.579478710889816284e-02
3.770518302917480469e-02
3.542252629995346069e-02
3.489042818546295166e-02
3.537563607096672058e-02
3.721475973725318909e-02
3.498529270291328430e-02
3.952262923121452332e-02
3.256185725331306458e-02
3.600877150893211365e-02
3.309474512934684753e-02
3.401412069797515869e-02
3.536842018365859985e-02
3.388414531946182251e-02
3.345153480768203735e-02
3.706184029579162598e-02
4.118992015719413757e-02
3.067030012607574463e-02
3.687324747443199158e-02
4.200251772999763489e-02
3.194591030478477478e-02
3.084851801395416260e-02
3.485260903835296631e-02
3.934430703520774841e-02
3.363889828324317932e-02
3.101588226854801178e-02
3.291446715593338013e-02
3.547713905572891235e-02
3.379841521382331848e-02
3.701742738485336304e-02
3.291192650794982910e-02
3.610235825181007385e-02
3.187090158462524414e-02
3.190822899341583252e-02
3.352517634630203247e-02
3.993292152881622314e-02
3.547741472721099854e-02
2.999643422663211823e-02
3.547810763120651245e-02
2.844342961907386780e-02
3.558386117219924927e-02
3.442269563674926758e-02
3.647247701883316040e-02
3.265416622161865234e-02
3.411644324660301208e-02
3.581560403108596802e-02
3.088066354393959045e-02
3.223164379596710205e-02
3.412860259413719177e-02
3.179911151528358459e-02
3.195246309041976929e-02
3.442364931106567383e-02
3.813996911048889160e-02
3.651040792465209961e-02
3.283645212650299072e-02
3.196894004940986633e-02
3.301955014467239380e-02
3.519519418478012085e-02
3.503777086734771729e-02
3.569347411394119263e-02
3.422603756189346313e-02
3.036086820065975189e-02
3.473709896206855774e-02
3.538481891155242920e-02
3.246770054101943970e-02
2.937893196940422058e-02
3.619561344385147095e-02
3.509723395109176636e-02
2.853587456047534943e-02
3.229995444416999817e-02
3.501201048493385315e-02
2.818606235086917877e-02
3.113667294383049011e-02
3.586319461464881897e-02
3.347304835915565491e-02
3.356626629829406738e-02
3.392603248357772827e-02
2.909184619784355164e-02
3.639440238475799561e-02
3.530240431427955627e-02
2.916122227907180786e-02
3.194035589694976807e-02
3.022157959640026093e-02
3.671636059880256653e-02
3.036035597324371338e-02
3.083527088165283203e-02
3.428528085350990295e-02
3.657026216387748718e-02
2.791394665837287903e-02
3.498255088925361633e-02
3.174590691924095154e-02
3.441992029547691345e-02
2.900338172912597656e-02
2.803781069815158844e-02
3.092356026172637939e-02
3.080435842275619507e-02
2.648704126477241516e-02
3.121335990726947784e-02
3.581339865922927856e-02
3.130698576569557190e-02
3.104540333151817322e-02
2.851386554539203644e-02
3.087467700242996216e-02
3.798028081655502319e-02
3.079158626496791840e-02
3.181755170226097107e-02
2.774753049015998840e-02
3.314173966646194458e-02
3.253177925944328308e-02
3.266490623354911804e-02
2.821658179163932800e-02
3.011463768780231476e-02
3.005069121718406677e-02
2.962649613618850708e-02
2.981236949563026428e-02
2.798481844365596771e-02
2.628654800355434418e-02
3.070910647511482239e-02
2.954829111695289612e-02
3.440167009830474854e-02
2.661954797804355621e-02
3.182546794414520264e-02
2.929389849305152893e-02
2.807896956801414490e-02
3.186078742146492004e-02
3.531131148338317871e-02
2.848089672625064850e-02
2.943069860339164734e-02
2.823177725076675415e-02
2.856677398085594177e-02
2.657296881079673767e-02
3.325053304433822632e-02
2.949993498623371124e-02
2.833778411149978638e-02
2.672129496932029724e-02
2.947711944580078125e-02
2.967867068946361542e-02
2.723702415823936462e-02
2.560304477810859680e-02
2.550304308533668518e-02
2.938021160662174225e-02
2.884934470057487488e-02
3.148626536130905151e-02
2.731857448816299438e-02
3.022810816764831543e-02
2.904261648654937744e-02
2.966384775936603546e-02
2.923695556819438934e-02
3.618994727730751038e-02
2.796388790011405945e-02
3.056060336530208588e-02
2.800256945192813873e-02
3.034177608788013458e-02
2.754072099924087524e-02
2.600199356675148010e-02
2.736513689160346985e-02
2.868448384106159210e-02
2.755460515618324280e-02
2.599616348743438721e-02
2.668820321559906006e-02
2.625877037644386292e-02
2.589801698923110962e-02
3.067784197628498077e-02
2.853149920701980591e-02
2.770212851464748383e-02
2.827120013535022736e-02
3.547170013189315796e-02
4.118555784225463867e-02
3.138824924826622009e-02
3.435399010777473450e-02
3.091631084680557251e-02
2.844062447547912598e-02
2.728011459112167358e-02
3.007254004478454590e-02
3.716718032956123352e-02
2.891515009105205536e-02
3.122733533382415771e-02
3.131832927465438843e-02
2.830522321164608002e-02
2.907799556851387024e-02
3.063458018004894257e-02
3.103255480527877808e-02
2.631669864058494568e-02
3.201154991984367371e-02
2.726514078676700592e-02
3.349937871098518372e-02
2.740916982293128967e-02
2.573204040527343750e-02
2.698361314833164215e-02
3.235668316483497620e-02
3.013551048934459686e-02
2.794205211102962494e-02
2.772310748696327209e-02
2.788409218192100525e-02
2.661130949854850769e-02
2.643844671547412872e-02
2.964298427104949951e-02
2.727156132459640503e-02
2.759455889463424683e-02
3.168869763612747192e-02
2.650479599833488464e-02
2.858670428395271301e-02
3.276917338371276855e-02
2.503518387675285339e-02
2.978057973086833954e-02
2.444717660546302795e-02
3.216778486967086792e-02
2.655510976910591125e-02
2.677958831191062927e-02
3.031435236334800720e-02
2.683134377002716064e-02
2.690797485411167145e-02
2.903420478105545044e-02
2.582324855029582977e-02
3.087978437542915344e-02
2.843512594699859619e-02
2.559630572795867920e-02
3.060216270387172699e-02
2.754541300237178802e-02
2.940740436315536499e-02
2.585927024483680725e-02
2.829968929290771484e-02
2.965595386922359467e-02
2.920390665531158447e-02
2.768457680940628052e-02
2.854026295244693756e-02
2.843913249671459198e-02
2.961507625877857208e-02
2.950756810605525970e-02
2.948172017931938171e-02
2.638229727745056152e-02
2.817511558532714844e-02
3.414965793490409851e-02
2.460576035082340240e-02
2.772044017910957336e-02
2.767247147858142853e-02
3.053559735417366028e-02
2.637438476085662842e-02
2.851951494812965393e-02
3.599924221634864807e-02
2.715854905545711517e-02
2.841251343488693237e-02
2.940461039543151855e-02
2.977047860622406006e-02
3.088239207863807678e-02
3.209904581308364868e-02
2.819883264601230621e-02
2.829386480152606964e-02
3.468364849686622620e-02
3.081884235143661499e-02
3.123046830296516418e-02
2.618044614791870117e-02
2.629043161869049072e-02
2.528940327465534210e-02
3.099162131547927856e-02
2.786963619291782379e-02
3.003563173115253448e-02
2.820266596972942352e-02
2.557299844920635223e-02
3.013018518686294556e-02
2.884642779827117920e-02
3.286092728376388550e-02
2.959938906133174896e-02
2.747072651982307434e-02
2.666933275759220123e-02
3.199723735451698303e-02
2.583280950784683228e-02
2.925340831279754639e-02
2.736736647784709930e-02
2.701817825436592102e-02
2.699008211493492126e-02
2.767395973205566406e-02
3.483108803629875183e-02
2.658183500170707703e-02
2.707554213702678680e-02
2.418703585863113403e-02
3.169453889131546021e-02
2.711186185479164124e-02
2.620776556432247162e-02
2.826874330639839172e-02
2.549939230084419250e-02
2.986353822052478790e-02
2.427389658987522125e-02
2.610757946968078613e-02
2.675040066242218018e-02
2.518092840909957886e-02
2.604645118117332458e-02
2.338036149740219116e-02
2.548610232770442963e-02
2.505794540047645569e-02
2.367388457059860229e-02
2.725414931774139404e-02
3.489913046360015869e-02
2.998502179980278015e-02
2.563172951340675354e-02
2.490470558404922485e-02
2.732460945844650269e-02
2.700426243245601654e-02
2.418450638651847839e-02
2.628983743488788605e-02
2.449109032750129700e-02
2.903683856129646301e-02
2.540707215666770935e-02
3.007601574063301086e-02
2.432953752577304840e-02
2.853774465620517731e-02
2.619706280529499054e-02
2.792558073997497559e-02
2.217496745288372040e-02
2.640314027667045593e-02
2.830319665372371674e-02
2.590427175164222717e-02
2.588915266096591949e-02
2.353544160723686218e-02
2.535810135304927826e-02
2.983544580638408661e-02
2.345393784344196320e-02
3.073721379041671753e-02
2.658080682158470154e-02
2.607224881649017334e-02
3.297553211450576782e-02
3.216316923499107361e-02
2.524565160274505615e-02
2.793921530246734619e-02
3.071128949522972107e-02
2.637012861669063568e-02
3.225948289036750793e-02
2.294320799410343170e-02
2.616507746279239655e-02
2.830601111054420471e-02
2.745237387716770172e-02
2.915486134588718414e-02
2.931489050388336182e-02
2.513931691646575928e-02
2.916003018617630005e-02
2.720836922526359558e-02
2.617947757244110107e-02
2.379880473017692566e-02
2.671446651220321655e-02
2.559736743569374084e-02
2.817313373088836670e-02
2.347394637763500214e-02
2.685922570526599884e-02
2.767089195549488068e-02
2.795794978737831116e-02
2.557876333594322205e-02
3.102677315473556519e-02
2.538160607218742371e-02
2.775627002120018005e-02
3.129426762461662292e-02
2.606108598411083221e-02
2.654990367591381073e-02
2.778325229883193970e-02
2.642128989100456238e-02
2.469473890960216522e-02
2.649398148059844971e-02
2.697849646210670471e-02
2.602481655776500702e-02
2.556760981678962708e-02
2.806992270052433014e-02
2.926851995289325714e-02
2.653977833688259125e-02
2.546780183911323547e-02
2.125069871544837952e-02
2.446215413510799408e-02
2.544090524315834045e-02
2.341411821544170380e-02
3.036880306899547577e-02
2.430281415581703186e-02
2.272302098572254181e-02
2.419508621096611023e-02
2.299817278981208801e-02
2.567667514085769653e-02
2.087807469069957733e-02
2.543800510466098785e-02
2.535544708371162415e-02
3.036360256373882294e-02
2.110735699534416199e-02
2.769084833562374115e-02
2.457958087325096130e-02
2.088033035397529602e-02
2.485306374728679657e-02
2.440740913152694702e-02
2.801782824099063873e-02
2.652874402701854706e-02
2.144820801913738251e-02
2.208098210394382477e-02
2.239661663770675659e-02
2.570547908544540405e-02
2.613073214888572693e-02
2.229109033942222595e-02
2.087977528572082520e-02
2.487277239561080933e-02
2.494877204298973083e-02
2.755321562290191650e-02
2.543764002621173859e-02
2.521572634577751160e-02
2.575532346963882446e-02
2.455197274684906006e-02
2.695340476930141449e-02
2.549354173243045807e-02
2.535660937428474426e-02
2.432216890156269073e-02
3.104779310524463654e-02
2.618707157671451569e-02
2.500411868095397949e-02
2.586966566741466522e-02
2.676589787006378174e-02
2.571415156126022339e-02
2.834212407469749451e-02
2.511212974786758423e-02
2.246524021029472351e-02
2.953684516251087189e-02
2.977819368243217468e-02
2.655344270169734955e-02
2.370501123368740082e-02
2.513166517019271851e-02
2.326779998838901520e-02
2.561959251761436462e-02
2.957716956734657288e-02
2.898216620087623596e-02
2.958723716437816620e-02
2.446212247014045715e-02
2.779603004455566406e-02
2.573486045002937317e-02
2.874314039945602417e-02
2.278617955744266510e-02
2.328773774206638336e-02
2.711171284317970276e-02
2.400753274559974670e-02
2.397808246314525604e-02
2.243266999721527100e-02
2.449550852179527283e-02
2.192962914705276489e-02
2.216893993318080902e-02
2.422093786299228668e-02
2.301090396940708160e-02
2.732325531542301178e-02
2.465337142348289490e-02
2.165761403739452362e-02
2.266711555421352386e-02
2.373695746064186096e-02
2.251732163131237030e-02
2.346877753734588623e-02
2.448961324989795685e-02
2.756047993898391724e-02
2.111320942640304565e-02
2.600355818867683411e-02
2.618254534900188446e-02
2.475690469145774841e-02
2.368442341685295105e-02
2.666673809289932251e-02
2.353719994425773621e-02
2.321143262088298798e-02
2.307885885238647461e-02
2.871469967067241669e-02
2.665496990084648132e-02
2.145798504352569580e-02
2.629692107439041138e-02
2.371118776500225067e-02
2.418230101466178894e-02
2.405724860727787018e-02
2.235730551183223724e-02
2.331342548131942749e-02
2.626497671008110046e-02
2.253893762826919556e-02
2.384302765130996704e-02
2.338605187833309174e-02
2.597832866013050079e-02
2.310614660382270813e-02
2.394240722060203552e-02
2.294728532433509827e-02
2.665492147207260132e-02
2.283537015318870544e-02
2.096928097307682037e-02
2.245227247476577759e-02
2.586625702679157257e-02
2.316091768443584442e-02
2.218136563897132874e-02
2.548570558428764343e-02
2.527462877333164215e-02
2.751110307872295380e-02
3.236551210284233093e-02
2.503766492009162903e-02
2.647513337433338165e-02
2.562486007809638977e-02
2.504699118435382843e-02
2.440915815532207489e-02
2.417360804975032806e-02
2.698961831629276276e-02
2.476267702877521515e-02
2.160190418362617493e-02
2.533971518278121948e-02
2.580639906227588654e-02
2.447034418582916260e-02
2.529769763350486755e-02
2.280814200639724731e-02
2.424570545554161072e-02
2.553218975663185120e-02
2.229038998484611511e-02
3.152642771601676941e-02
2.513062022626399994e-02
2.614673040807247162e-02
2.701974101364612579e-02
2.604175545275211334e-02
2.304559201002120972e-02
2.436865121126174927e-02
3.011767566204071045e-02
2.389098890125751495e-02
2.596536278724670410e-02
2.454300783574581146e-02
2.467979118227958679e-02
2.073709480464458466e-02
2.429871633648872375e-02
2.861008979380130768e-02
2.312489412724971771e-02
2.774477936327457428e-02
2.235873788595199585e-02
2.396412007510662079e-02
2.835228107869625092e-02
2.266868762671947479e-02
2.368950843811035156e-02
2.479728497564792633e-02
2.423540316522121429e-02
2.724813669919967651e-02
2.652345411479473114e-02
2.297490090131759644e-02
2.313035726547241211e-02
2.389474213123321533e-02
2.342782169580459595e-02
2.835125289857387543e-02
2.502258494496345520e-02
2.094377577304840088e-02
2.453328296542167664e-02
2.537311054766178131e-02
2.103068120777606964e-02
2.165445499122142792e-02
2.480416372418403625e-02
2.359959483146667480e-02
2.356577664613723755e-02
2.256529405713081360e-02
2.180753834545612335e-02
2.725023217499256134e-02
2.618157863616943359e-02
2.876282297074794769e-02
2.318906038999557495e-02
2.667009271681308746e-02
2.684357017278671265e-02
2.653927356004714966e-02
2.435844205319881439e-02
2.518345788121223450e-02
2.281008660793304443e-02
2.171788923442363739e-02
2.584846690297126770e-02
2.868790179491043091e-02
2.814422175288200378e-02
2.403114549815654755e-02
2.370090037584304810e-02
2.808830328285694122e-02
2.316306531429290771e-02
2.482401020824909210e-02
2.699898555874824524e-02
2.380248717963695526e-02
2.416371181607246399e-02
2.773256413638591766e-02
2.622361853718757629e-02
2.695399895310401917e-02
2.886067144572734833e-02
2.589724957942962646e-02
2.317530289292335510e-02
2.230902202427387238e-02
2.199510671198368073e-02
2.475578337907791138e-02
2.794954180717468262e-02
1.990622095763683319e-02
2.300529181957244873e-02
2.288505062460899353e-02
2.636914327740669250e-02
2.286604605615139008e-02
2.863040938973426819e-02
2.481080964207649231e-02
2.651217766106128693e-02
2.236553095281124115e-02
2.346001192927360535e-02
2.459749951958656311e-02
2.531844191253185272e-02
2.719398960471153259e-02
2.203834056854248047e-02
2.951647900044918060e-02
2.144184149801731110e-02
2.532786130905151367e-02
3.012923337519168854e-02
3.330718725919723511e-02
3.046354837715625763e-02
3.027160651981830597e-02
2.752519398927688599e-02
3.123270347714424133e-02
3.212497383356094360e-02
3.258700668811798096e-02
3.036190569400787354e-02
3.677318990230560303e-02
2.814821898937225342e-02
2.841424942016601562e-02
2.891736105084419250e-02
2.618640288710594177e-02
2.804877050220966339e-02
2.824730612337589264e-02
3.198701143264770508e-02
4.719533026218414307e-02
3.196890652179718018e-02
3.239911794662475586e-02
3.653094172477722168e-02
3.067155368626117706e-02
3.026551008224487305e-02
2.823983691632747650e-02
2.936554700136184692e-02
2.813418023288249969e-02
3.313171491026878357e-02
3.243929147720336914e-02
3.489162027835845947e-02
2.419545128941535950e-02
2.760585024952888489e-02
2.996223792433738708e-02
2.675335481762886047e-02
2.751808241009712219e-02
2.771236561238765717e-02
2.755650505423545837e-02
3.146829456090927124e-02
2.837845683097839355e-02
2.566992305219173431e-02
2.495577186346054077e-02
2.649600058794021606e-02
2.415107190608978271e-02
2.267762087285518646e-02
2.493560127913951874e-02
2.829629182815551758e-02
2.515476010739803314e-02
2.669270895421504974e-02
2.622574009001255035e-02
2.538005448877811432e-02
2.404487133026123047e-02
2.645340934395790100e-02
2.607846632599830627e-02
2.510367333889007568e-02
3.188233450055122375e-02
2.501839958131313324e-02
2.864545956254005432e-02
2.942078560590744019e-02
2.676321007311344147e-02
2.393875829875469208e-02
2.844682522118091583e-02
2.590259350836277008e-02
2.705323137342929840e-02
2.494617179036140442e-02
2.335626818239688873e-02
2.655380964279174805e-02
2.316481992602348328e-02
2.007258497178554535e-02
2.317431382834911346e-02
2.636446803808212280e-02
2.259949594736099243e-02
2.155561558902263641e-02
2.111825160682201385e-02
3.418096527457237244e-02
4.893078655004501343e-02
3.877404332160949707e-02
2.881480567157268524e-02
3.126763924956321716e-02
3.153479099273681641e-02
3.510669246315956116e-02
3.782507032155990601e-02
3.606747835874557495e-02
2.834282442927360535e-02
3.381026536226272583e-02
4.042503610253334045e-02
4.798861965537071228e-02
4.881592839956283569e-02
3.782076388597488403e-02
3.725757449865341187e-02
3.950176015496253967e-02
3.685211390256881714e-02
3.798783197999000549e-02
3.665408864617347717e-02
4.000522196292877197e-02
3.833906352519989014e-02
3.079511784017086029e-02
3.408731147646903992e-02
2.974082529544830322e-02
3.626311942934989929e-02
3.054380230605602264e-02
3.141206130385398865e-02
3.286654502153396606e-02
3.343158587813377380e-02
3.464631363749504089e-02
2.798703685402870178e-02
2.943446300923824310e-02
3.121862933039665222e-02
2.858880721032619476e-02
2.859925478696823120e-02
2.866073884069919586e-02
2.799784392118453979e-02
2.696392498910427094e-02
2.982662431895732880e-02
3.062708489596843719e-02
3.066996484994888306e-02
2.643011324107646942e-02
2.572821266949176788e-02
3.003888949751853943e-02
2.620406262576580048e-02
2.182657085359096527e-02
2.525622583925724030e-02
2.583312429487705231e-02
2.885650470852851868e-02
2.223543822765350342e-02
2.546809427440166473e-02
2.629652246832847595e-02
2.887173742055892944e-02
2.707681618630886078e-02
2.403636649250984192e-02
2.218561060726642609e-02
2.142226323485374451e-02
2.395939826965332031e-02
2.120771072804927826e-02
2.490538172423839569e-02
2.606171183288097382e-02
2.757133543491363525e-02
2.363630011677742004e-02
2.023935317993164062e-02
2.483466453850269318e-02
2.150652557611465454e-02
2.482101321220397949e-02
2.512726001441478729e-02
2.479063719511032104e-02
2.757983468472957611e-02
2.282068133354187012e-02
2.310661971569061279e-02
2.316767908632755280e-02
2.455291338264942169e-02
2.418890781700611115e-02
2.513674646615982056e-02
2.277747914195060730e-02
2.161085046827793121e-02
2.322584390640258789e-02
2.370863407850265503e-02
2.193086594343185425e-02
2.205353043973445892e-02
2.618797495961189270e-02
2.344655059278011322e-02
2.294033206999301910e-02
2.424025349318981171e-02
2.457435801625251770e-02
2.212909236550331116e-02
2.729177474975585938e-02
2.539924159646034241e-02
2.389539033174514771e-02
2.040135860443115234e-02
2.262784540653228760e-02
2.639271877706050873e-02
2.460417337715625763e-02
2.276587858796119690e-02
2.277270518243312836e-02
2.363312803208827972e-02
2.257256396114826202e-02
2.276910841464996338e-02
2.538204565644264221e-02
2.572510950267314911e-02
2.187549509108066559e-02
2.366756834089756012e-02
2.387446165084838867e-02
2.047086320817470551e-02
2.196791395545005798e-02
2.228971011936664581e-02
1.906029507517814636e-02
2.282952703535556793e-02
2.405657432973384857e-02
2.219041623175144196e-02
2.499019354581832886e-02
2.120464108884334564e-02
2.298224344849586487e-02
2.387356013059616089e-02
2.326563000679016113e-02
2.458256110548973083e-02
2.209100313484668732e-02
2.111221849918365479e-02
2.381637506186962128e-02
2.012270502746105194e-02
2.120355702936649323e-02
2.257333695888519287e-02
2.830140851438045502e-02
2.094114199280738831e-02
2.201981469988822937e-02
2.092546410858631134e-02
2.205414511263370514e-02
2.035991847515106201e-02
2.010804228484630585e-02
2.324526198208332062e-02
2.382496371865272522e-02
1.539745833724737167e-02
1.990469545125961304e-02
2.392462454736232758e-02
2.296092547476291656e-02
2.007903158664703369e-02
2.073485031723976135e-02
2.171046845614910126e-02
2.260276675224304199e-02
2.105030044913291931e-02
1.796016469597816467e-02
2.240994758903980255e-02
2.158222347497940063e-02
1.995803415775299072e-02
2.257439866662025452e-02
2.070568129420280457e-02
2.241028659045696259e-02
2.260374464094638824e-02
2.520451322197914124e-02
1.978335715830326080e-02
1.756375283002853394e-02
2.189803496003150940e-02
2.031003497540950775e-02
1.961953938007354736e-02
1.995589956641197205e-02
2.376836910843849182e-02
2.292714267969131470e-02
2.132940106093883514e-02
2.154779247939586639e-02
2.256199344992637634e-02
1.838768087327480316e-02
2.161557786166667938e-02
2.605890482664108276e-02
2.188640460371971130e-02
2.073216438293457031e-02
2.112217061221599579e-02
1.948568969964981079e-02
2.463066205382347107e-02
2.163280919194221497e-02
1.908450573682785034e-02
2.080435119569301605e-02
1.790483109652996063e-02
2.418091520667076111e-02
2.201597578823566437e-02
1.999260857701301575e-02
2.088603563606739044e-02
2.228118851780891418e-02
1.921276748180389404e-02
2.494235523045063019e-02
2.427672967314720154e-02
2.273445017635822296e-02
2.167090773582458496e-02
2.401799336075782776e-02
1.954115927219390869e-02
1.960554718971252441e-02
1.964565552771091461e-02
2.006270177662372589e-02
2.063944190740585327e-02
2.107646502554416656e-02
2.601977623999118805e-02
2.150504849851131439e-02
1.884018816053867340e-02
2.085260674357414246e-02
2.199783362448215485e-02
2.018241211771965027e-02
2.576672658324241638e-02
2.199285849928855896e-02
2.010604366660118103e-02
2.003008127212524414e-02
2.263992838561534882e-02
2.301399037241935730e-02
2.202171832323074341e-02
2.238193340599536896e-02
1.847471855580806732e-02
2.373477071523666382e-02
2.388143353164196014e-02
2.075158432126045227e-02
2.624080330133438110e-02
1.980723999440670013e-02
2.487359568476676941e-02
1.805018074810504913e-02
1.839769259095191956e-02
2.293758280575275421e-02
2.245380170643329620e-02
2.253971062600612640e-02
2.124655060470104218e-02
2.405573613941669464e-02
2.281313017010688782e-02
2.188817039132118225e-02
2.280570380389690399e-02
2.519744820892810822e-02
2.081342041492462158e-02
1.994782499969005585e-02
2.115990966558456421e-02
2.211087010800838470e-02
2.010089717805385590e-02
2.071351557970046997e-02
1.960551366209983826e-02
2.057040669023990631e-02
2.683566324412822723e-02
2.326833829283714294e-02
2.068952284753322601e-02
2.253536880016326904e-02
2.152223512530326843e-02
1.939831487834453583e-02
2.080626413226127625e-02
2.408016845583915710e-02
2.204622328281402588e-02
2.255115844309329987e-02
2.139345556497573853e-02
1.944904401898384094e-02
2.023012936115264893e-02
2.291617356240749359e-02
2.140998095273971558e-02
1.893639191985130310e-02
2.313595451414585114e-02
2.255301922559738159e-02
2.324523963034152985e-02
1.968306303024291992e-02
2.102941088378429413e-02
1.880339719355106354e-02
2.278678677976131439e-02
2.190663293004035950e-02
2.048473805189132690e-02
1.866901107132434845e-02
2.140207588672637939e-02
2.286697924137115479e-02
2.210166491568088531e-02
1.844280958175659180e-02
1.937645673751831055e-02
2.041893638670444489e-02
2.097076363861560822e-02
2.152633666992187500e-02
2.026568166911602020e-02
1.684068702161312103e-02
2.023158594965934753e-02
1.877946965396404266e-02
2.301255613565444946e-02
1.783428527414798737e-02
2.019148692488670349e-02
2.031488716602325439e-02
2.001270651817321777e-02
1.984243281185626984e-02
2.296610921621322632e-02
1.810866966843605042e-02
1.917921565473079681e-02
1.860150136053562164e-02
2.552437968552112579e-02
2.585855126380920410e-02
1.826363801956176758e-02
1.894959807395935059e-02
2.783740311861038208e-02
1.920492947101593018e-02
1.942893303930759430e-02
2.094390802085399628e-02
2.182422019541263580e-02
2.322229370474815369e-02
2.037133648991584778e-02
1.860173791646957397e-02
2.184161543846130371e-02
2.277140505611896515e-02
2.277388051152229309e-02
2.024331130087375641e-02
2.129197493195533752e-02
2.336106449365615845e-02
2.516976371407508850e-02
2.157139964401721954e-02
2.149986475706100464e-02
1.829481311142444611e-02
2.110487408936023712e-02
1.962276175618171692e-02
2.061706036329269409e-02
2.024023607373237610e-02
2.015433833003044128e-02
2.047263644635677338e-02
2.174739725887775421e-02
1.967048831284046173e-02
2.154830284416675568e-02
2.189062163233757019e-02
2.097866125404834747e-02
2.196099981665611267e-02
2.338157966732978821e-02
1.993829570710659027e-02
1.943408325314521790e-02
1.987031102180480957e-02
2.234706468880176544e-02
2.006503567099571228e-02
2.307806164026260376e-02
2.325007133185863495e-02
1.982269808650016785e-02
1.968283951282501221e-02
2.252685651183128357e-02
2.280440367758274078e-02
1.728351600468158722e-02
2.106846123933792114e-02
1.572093926370143890e-02
2.066049166023731232e-02
2.498285844922065735e-02
2.437204867601394653e-02
2.078322693705558777e-02
1.912728697061538696e-02
1.852276548743247986e-02
2.123118937015533447e-02
2.219058014452457428e-02
1.768057607114315033e-02
2.128395624458789825e-02
2.117689698934555054e-02
1.961942203342914581e-02
1.876699738204479218e-02
1.896692067384719849e-02
2.282353863120079041e-02
1.797786355018615723e-02
2.020108699798583984e-02
2.035048976540565491e-02
1.798489689826965332e-02
2.199412696063518524e-02
1.965138502418994904e-02
2.097819559276103973e-02
1.949051581323146820e-02
1.827052794396877289e-02
1.696776971220970154e-02
2.313321083784103394e-02
2.063652314245700836e-02
1.725680753588676453e-02
1.891919225454330444e-02
2.114153839647769928e-02
2.181108295917510986e-02
1.952938549220561981e-02
2.051183581352233887e-02
1.817901618778705597e-02
2.176633104681968689e-02
1.851022988557815552e-02
2.303737401962280273e-02
1.792809180915355682e-02
2.337920293211936951e-02
2.311811409890651703e-02
1.896960660815238953e-02
2.233738824725151062e-02
2.705459669232368469e-02
2.053160406649112701e-02
2.437335252761840820e-02
2.797024883329868317e-02
2.465347945690155029e-02
2.465887367725372314e-02
2.540449239313602448e-02
2.500290796160697937e-02
2.464288100600242615e-02
2.643256448209285736e-02
2.680009789764881134e-02
2.922189049422740936e-02
2.692529372870922089e-02
2.746520005166530609e-02
3.170599788427352905e-02
2.705662697553634644e-02
2.795518748462200165e-02
2.747437357902526855e-02
2.643128298223018646e-02
2.241684868931770325e-02
2.440090477466583252e-02
2.562050707638263702e-02
2.567419596016407013e-02
2.175464853644371033e-02
2.699196897447109222e-02
2.403427474200725555e-02
2.430367656052112579e-02
2.597791329026222229e-02
2.310095354914665222e-02
2.073838002979755402e-02
2.169911935925483704e-02
2.428555116057395935e-02
2.236781828105449677e-02
2.061917446553707123e-02
2.388483099639415741e-02
2.261296659708023071e-02
2.180363051593303680e-02
2.285792678594589233e-02
2.139391377568244934e-02
2.471149526536464691e-02
2.419036626815795898e-02
2.151194401085376740e-02
2.222906239330768585e-02
2.358923293650150299e-02
2.044697105884552002e-02
1.816245168447494507e-02
1.870419085025787354e-02
1.813459582626819611e-02
2.465872280299663544e-02
2.020131424069404602e-02
2.088352106511592865e-02
1.932428404688835144e-02
1.976040937006473541e-02
1.945850439369678497e-02
2.023470401763916016e-02
1.965728588402271271e-02
2.329568006098270416e-02
2.280376851558685303e-02
2.339734882116317749e-02
2.423575706779956818e-02
1.955902576446533203e-02
2.261245809495449066e-02
2.862530574202537537e-02
2.180224843323230743e-02
1.902564242482185364e-02
2.104479819536209106e-02
2.377474308013916016e-02
2.198244817554950714e-02
2.387208864092826843e-02
2.152756229043006897e-02
2.361681312322616577e-02
2.513701654970645905e-02
1.915954984724521637e-02
2.271024137735366821e-02
2.544550597667694092e-02
2.144861035048961639e-02
2.086722478270530701e-02
2.126433141529560089e-02
1.944772712886333466e-02
2.206979691982269287e-02
2.452421002089977264e-02
2.086897566914558411e-02
2.207377552986145020e-02
1.840437203645706177e-02
2.047349885106086731e-02
1.967289485037326813e-02
2.402897365391254425e-02
1.918502897024154663e-02
2.036538161337375641e-02
2.172061800956726074e-02
1.799888722598552704e-02
2.027099393308162689e-02
1.860144175589084625e-02
1.979417353868484497e-02
1.717173494398593903e-02
1.898496225476264954e-02
1.941940188407897949e-02
1.929323561489582062e-02
1.753591001033782959e-02
2.030685357749462128e-02
1.843331195414066315e-02
1.994515955448150635e-02
1.951261609792709351e-02
2.230041101574897766e-02
2.261545509099960327e-02
2.203987166285514832e-02
1.980864070355892181e-02
1.900717616081237793e-02
2.387708798050880432e-02
1.988193020224571228e-02
1.755582354962825775e-02
2.370801568031311035e-02
1.825050450861454010e-02
2.360270172357559204e-02
1.911200769245624542e-02
2.151021175086498260e-02
1.966847665607929230e-02
1.777811162173748016e-02
2.259323559701442719e-02
2.087978459894657135e-02
2.296170964837074280e-02
1.991051062941551208e-02
1.591147854924201965e-02
2.220157347619533539e-02
1.760753989219665527e-02
1.809405349195003510e-02
1.776037923991680145e-02
1.844555884599685669e-02
1.690070331096649170e-02
1.744118705391883850e-02
1.938265189528465271e-02
1.830611936748027802e-02
2.323446236550807953e-02
2.178348414599895477e-02
2.034102752804756165e-02
1.918153464794158936e-02
2.258892357349395752e-02
2.122345939278602600e-02
2.289636433124542236e-02
1.797580905258655548e-02
2.747081778943538666e-02
1.746661961078643799e-02
2.318901754915714264e-02
2.120967395603656769e-02
1.968133822083473206e-02
1.956025324761867523e-02
2.067075856029987335e-02
2.235874906182289124e-02
1.910090819001197815e-02
2.258819341659545898e-02
2.069455198943614960e-02
2.239816635847091675e-02
2.133580856025218964e-02
1.980593241751194000e-02
2.039977721869945526e-02
1.945613510906696320e-02
2.204455994069576263e-02
2.003461495041847229e-02
2.201049029827117920e-02
2.271586470305919647e-02
1.739272661507129669e-02
1.906630024313926697e-02
2.295321784913539886e-02
1.981960237026214600e-02
1.777201332151889801e-02
1.966731250286102295e-02
1.991664618253707886e-02
2.084304764866828918e-02
1.855261251330375671e-02
1.915341243147850037e-02
1.854854449629783630e-02
1.805615238845348358e-02
1.909810118377208710e-02
1.853646151721477509e-02
2.252815663814544678e-02
1.916191913187503815e-02
1.809848472476005554e-02
1.859222911298274994e-02
1.853067800402641296e-02
2.100313827395439148e-02
2.185020782053470612e-02
2.096237614750862122e-02
2.173999324440956116e-02
1.934031955897808075e-02
2.148350141942501068e-02
2.042982727289199829e-02
1.778350397944450378e-02
2.084836550056934357e-02
1.856326498091220856e-02
1.968156732618808746e-02
2.010966651141643524e-02
1.898972503840923309e-02
1.803721487522125244e-02
2.066841535270214081e-02
1.788739673793315887e-02
1.840711012482643127e-02
1.725330948829650879e-02
2.019262872636318207e-02
1.901933550834655762e-02
1.902764290571212769e-02
1.803890056908130646e-02
1.924112625420093536e-02
1.695684902369976044e-02
1.987482793629169464e-02
1.771244406700134277e-02
1.744506880640983582e-02
1.567113585770130157e-02
2.204646170139312744e-02
1.919633336365222931e-02
1.980000548064708710e-02
1.654805988073348999e-02
2.038120105862617493e-02
2.001120895147323608e-02
1.786768995225429535e-02
1.750715076923370361e-02
1.717802323400974274e-02
1.977134495973587036e-02
1.944880001246929169e-02
1.713942177593708038e-02
2.004372328519821167e-02
2.031580545008182526e-02
1.784090325236320496e-02
1.840314827859401703e-02
1.856923848390579224e-02
1.624608412384986877e-02
1.740122213959693909e-02
1.949534565210342407e-02
2.082360908389091492e-02
1.736089028418064117e-02
1.816733554005622864e-02
1.918985694646835327e-02
1.879772171378135681e-02
2.069819904863834381e-02
1.914425939321517944e-02
1.989395357668399811e-02
1.872307807207107544e-02
2.165451273322105408e-02
2.067020907998085022e-02
1.644371449947357178e-02
1.900093257427215576e-02
1.901536062359809875e-02
1.698988117277622223e-02
2.119765244424343109e-02
1.978667825460433960e-02
1.816322095692157745e-02
1.875118911266326904e-02
1.828533969819545746e-02
1.838121749460697174e-02
1.846161857247352600e-02
1.792805269360542297e-02
2.121501415967941284e-02
1.702963933348655701e-02
1.799488440155982971e-02
1.982243359088897705e-02
1.906150765717029572e-02
1.673780754208564758e-02
2.109042368829250336e-02
1.756159402430057526e-02
2.170279435813426971e-02
1.964858546853065491e-02
1.547234691679477692e-02
1.961091347038745880e-02
1.858765259385108948e-02
1.796346530318260193e-02
2.031278982758522034e-02
2.232887968420982361e-02
1.642792299389839172e-02
1.923295296728610992e-02
2.098723687231540680e-02
1.677462272346019745e-02
1.805363222956657410e-02
2.048104442656040192e-02
1.753709465265274048e-02
1.867152750492095947e-02
1.979747042059898376e-02
2.093975991010665894e-02
1.872442662715911865e-02
2.572117000818252563e-02
2.106942608952522278e-02
1.935040391981601715e-02
1.957614906132221222e-02
2.192506380379199982e-02
1.701998151838779449e-02
1.806389540433883667e-02
1.902164332568645477e-02
1.944284141063690186e-02
1.998295076191425323e-02
2.017500996589660645e-02
1.727769151329994202e-02
2.012143284082412720e-02
2.009032480418682098e-02
1.826634258031845093e-02
1.863878034055233002e-02
1.968446187674999237e-02
2.257930114865303040e-02
1.740233227610588074e-02
1.934663392603397369e-02
2.594056539237499237e-02
2.352585643529891968e-02
2.157703787088394165e-02
2.107279747724533081e-02
2.102314308285713196e-02
1.736091449856758118e-02
1.961925439536571503e-02
1.923839002847671509e-02
2.457810565829277039e-02
2.125934138894081116e-02
2.218414098024368286e-02
2.394963800907135010e-02
2.036937698721885681e-02
2.157512307167053223e-02
2.380542084574699402e-02
1.726098544895648956e-02
2.456933073699474335e-02
2.160414122045040131e-02
1.918476074934005737e-02
1.934849470853805542e-02
1.893924176692962646e-02
1.760072633624076843e-02
2.360608801245689392e-02
1.969243027269840240e-02
3.374883159995079041e-02
2.040220610797405243e-02
2.086433023214340210e-02
2.213233150541782379e-02
2.497910894453525543e-02
3.034834936261177063e-02
2.152763679623603821e-02
2.304942719638347626e-02
2.333448268473148346e-02
2.221694774925708771e-02
2.397117950022220612e-02
2.602960728108882904e-02
2.348353154957294464e-02
1.962621137499809265e-02
2.038112282752990723e-02
1.994727924466133118e-02
2.334030158817768097e-02
2.190207131206989288e-02
2.101850137114524841e-02
2.499006874859333038e-02
2.373046614229679108e-02
2.111323550343513489e-02
2.061225473880767822e-02
2.022190019488334656e-02
1.802355237305164337e-02
2.232398279011249542e-02
2.340745367109775543e-02
2.271376177668571472e-02
1.862638816237449646e-02
1.967307925224304199e-02
2.341675199568271637e-02
2.016792073845863342e-02
1.835589855909347534e-02
2.050931565463542938e-02
1.945187896490097046e-02
1.751926727592945099e-02
1.903343945741653442e-02
2.043461613357067108e-02
2.061413973569869995e-02
1.813908480107784271e-02
1.904298923909664154e-02
1.899090968072414398e-02
1.879596337676048279e-02
1.807302795350551605e-02
1.738992892205715179e-02
2.012922428548336029e-02
1.901055872440338135e-02
1.950962282717227936e-02
1.688560657203197479e-02
1.800341159105300903e-02
2.322100661695003510e-02
1.814413815736770630e-02
1.865582726895809174e-02
1.644591800868511200e-02
1.706550270318984985e-02
1.817148178815841675e-02
1.950458623468875885e-02
1.791465282440185547e-02
1.847235113382339478e-02
1.816989481449127197e-02
1.715937815606594086e-02
1.552357058972120285e-02
1.958032511174678802e-02
1.844446361064910889e-02
1.535166893154382706e-02
1.632612571120262146e-02
1.654652506113052368e-02
1.518106553703546524e-02
2.047697827219963074e-02
1.797457970678806305e-02
1.716132834553718567e-02
1.979489251971244812e-02
1.968467794358730316e-02
1.812326349318027496e-02
1.547666545957326889e-02
1.901918649673461914e-02
2.152412943542003632e-02
2.149895578622817993e-02
1.920242607593536377e-02
1.926604658365249634e-02
1.715696603059768677e-02
1.815141923725605011e-02
1.836629211902618408e-02
1.973257586359977722e-02
1.797769591212272644e-02
1.540960185229778290e-02
1.825171895325183868e-02
1.843406073749065399e-02
1.839449815452098846e-02
1.965728215873241425e-02
2.010146342217922211e-02
1.672925800085067749e-02
1.609470881521701813e-02
1.968928985297679901e-02
1.761128380894660950e-02
1.984054781496524811e-02
1.720985770225524902e-02
1.702777296304702759e-02
1.787632703781127930e-02
1.716257818043231964e-02
1.781050115823745728e-02
1.840460859239101410e-02
1.867176592350006104e-02
1.809604465961456299e-02
1.739414967596530914e-02
2.335269004106521606e-02
1.607856340706348419e-02
1.979810558259487152e-02
1.909753121435642242e-02
1.556871924549341202e-02
1.709771715104579926e-02
1.909469999372959137e-02
2.091150917112827301e-02
1.913546584546566010e-02
1.730381511151790619e-02
1.604057103395462036e-02
1.944049634039402008e-02
1.943122781813144684e-02
1.919125765562057495e-02
1.826427690684795380e-02
1.985704712569713593e-02
1.743081025779247284e-02
1.682039536535739899e-02
1.904170960187911987e-02
1.979200914502143860e-02
2.167253196239471436e-02
1.889788173139095306e-02
1.894249208271503448e-02
1.995917409658432007e-02
1.953130029141902924e-02
1.921666413545608521e-02
1.977715454995632172e-02
1.538151688873767853e-02
1.787160895764827728e-02
1.815661787986755371e-02
1.992769166827201843e-02
1.703668385744094849e-02
2.127317711710929871e-02
2.019617334008216858e-02
2.385570481419563293e-02
1.979725062847137451e-02
1.980596035718917847e-02
1.751383207738399506e-02
2.037700638175010681e-02
1.650490984320640564e-02
1.571383327245712280e-02
1.767243258655071259e-02
1.970514468848705292e-02
1.878866925835609436e-02
1.957672089338302612e-02
1.924871280789375305e-02
1.732419431209564209e-02
1.956664212048053741e-02
1.605701446533203125e-02
1.962467469274997711e-02
1.723400503396987915e-02
1.809704676270484924e-02
2.290187217295169830e-02
1.488842815160751343e-02
1.900700666010379791e-02
2.201318554580211639e-02
1.878225430846214294e-02
1.625377312302589417e-02
1.916722767055034637e-02
1.673400588333606720e-02
1.890520565211772919e-02
1.824495382606983185e-02
1.904698461294174194e-02
1.914637908339500427e-02
1.862154901027679443e-02
2.210606820881366730e-02
1.743791811168193817e-02
1.880802400410175323e-02
1.720792427659034729e-02
1.748480275273323059e-02
1.558169815689325333e-02
1.954740472137928009e-02
1.717606931924819946e-02
1.798530481755733490e-02
1.822567172348499298e-02
1.778776384890079498e-02
1.965735852718353271e-02
1.996359601616859436e-02
1.787985116243362427e-02
1.928491145372390747e-02
1.954733021557331085e-02
1.658094860613346100e-02
1.589780673384666443e-02
1.579689420759677887e-02
1.900570094585418701e-02
1.627795770764350891e-02
1.718940213322639465e-02
1.776823587715625763e-02
1.789983548223972321e-02
2.089351788163185120e-02
1.709697395563125610e-02
2.044596150517463684e-02
1.666235923767089844e-02
2.020987682044506073e-02
1.744479127228260040e-02
1.872395537793636322e-02
1.988669298589229584e-02
1.829634234309196472e-02
1.826655119657516479e-02
1.955301687121391296e-02
1.983624882996082306e-02
1.695685461163520813e-02
1.798266917467117310e-02
1.795000769197940826e-02
2.105908468365669250e-02
1.750151067972183228e-02
1.743930578231811523e-02
1.598108001053333282e-02
1.746627502143383026e-02
1.847818866372108459e-02
1.794418692588806152e-02
1.970385946333408356e-02
2.240375056862831116e-02
2.682937495410442352e-02
2.888546697795391083e-02
3.071396797895431519e-02
3.198448941111564636e-02
2.131506055593490601e-02
2.376960031688213348e-02
2.293778397142887115e-02
2.161901257932186127e-02
2.392785064876079559e-02
2.750018984079360962e-02
2.403764054179191589e-02
2.520129084587097168e-02
3.448939323425292969e-02
2.950699813663959503e-02
2.676940523087978363e-02
2.480832301080226898e-02
2.766463905572891235e-02
2.572590485215187073e-02
2.060196921229362488e-02
2.964719012379646301e-02
1.977460831403732300e-02
2.447303757071495056e-02
2.464224211871623993e-02
2.392873726785182953e-02
2.317883446812629700e-02
2.834509871900081635e-02
2.463633008301258087e-02
2.628314122557640076e-02
2.541172131896018982e-02
2.401216700673103333e-02
3.106370568275451660e-02
2.103534527122974396e-02
3.011406585574150085e-02
2.804970927536487579e-02
3.369196504354476929e-02
2.837412618100643158e-02
3.452412039041519165e-02
3.072728775441646576e-02
3.273565322160720825e-02
3.961361199617385864e-02
4.013843089342117310e-02
4.020096734166145325e-02
2.951947413384914398e-02
3.186266124248504639e-02
3.059835731983184814e-02
3.032973408699035645e-02
2.737077139317989349e-02
2.994635328650474548e-02
3.166224434971809387e-02
2.941807359457015991e-02
2.934897318482398987e-02
3.044573217630386353e-02
3.315772116184234619e-02
3.133045509457588196e-02
3.561016544699668884e-02
3.021138347685337067e-02
2.545494772493839264e-02
2.954937145113945007e-02
2.635873109102249146e-02
2.703446149826049805e-02
2.750783972442150116e-02
2.521573938429355621e-02
2.748551592230796814e-02
2.084652148187160492e-02
2.037313207983970642e-02
2.480512112379074097e-02
2.244095876812934875e-02
2.467754296958446503e-02
2.660885825753211975e-02
2.545641548931598663e-02
2.395851910114288330e-02
2.552221156656742096e-02
2.016722410917282104e-02
2.306426689028739929e-02
2.349378168582916260e-02
2.009882777929306030e-02
2.087467908859252930e-02
2.465338818728923798e-02
2.295750938355922699e-02
2.063370123505592346e-02
2.436564490199089050e-02
2.407731115818023682e-02
2.495648525655269623e-02
2.610605955123901367e-02
2.249803580343723297e-02
2.354096435010433197e-02
2.262263372540473938e-02
2.158004045486450195e-02
2.359662391245365143e-02
2.276636660099029541e-02
1.952487975358963013e-02
2.447742968797683716e-02
2.333995327353477478e-02
2.016549929976463318e-02
1.698072254657745361e-02
2.117224782705307007e-02
2.190936170518398285e-02
1.890886202454566956e-02
1.976125873625278473e-02
1.958590000867843628e-02
2.060584910213947296e-02
2.032395638525485992e-02
2.139617316424846649e-02
2.164047397673130035e-02
2.393607050180435181e-02
1.848137378692626953e-02
2.070806547999382019e-02
2.064900100231170654e-02
2.043648436665534973e-02
2.158944495022296906e-02
1.680333353579044342e-02
2.101049944758415222e-02
2.165600657463073730e-02
2.115616947412490845e-02
1.848931051790714264e-02
2.099204994738101959e-02
1.928060874342918396e-02
1.823587529361248016e-02
1.788033358752727509e-02
2.483563683927059174e-02
1.645252853631973267e-02
1.991682499647140503e-02
1.603039726614952087e-02
1.738208532333374023e-02
1.917676441371440887e-02
1.780789345502853394e-02
1.838955841958522797e-02
2.025928162038326263e-02
1.902743615210056305e-02
1.756698265671730042e-02
1.736632175743579865e-02
1.637335680425167084e-02
1.957923546433448792e-02
1.727318949997425079e-02
1.818339712917804718e-02
1.744207553565502167e-02
1.642586104571819305e-02
1.926225796341896057e-02
1.926885731518268585e-02
2.152592502534389496e-02
1.689622551202774048e-02
2.063948474824428558e-02
2.170639112591743469e-02
2.479018643498420715e-02
2.405190467834472656e-02
2.511543594300746918e-02
2.599292434751987457e-02
2.728632278740406036e-02
2.673670276999473572e-02
2.539504319429397583e-02
2.333846129477024078e-02
2.721586450934410095e-02
2.800316549837589264e-02
2.994690462946891785e-02
2.302695624530315399e-02
2.192363888025283813e-02
2.305058203637599945e-02
2.121361158788204193e-02
2.740669623017311096e-02
2.380284853279590607e-02
2.793424203991889954e-02
2.448336966335773468e-02
2.777688205242156982e-02
2.498093433678150177e-02
2.289586141705513000e-02
2.337101846933364868e-02
1.944136619567871094e-02
3.040247783064842224e-02
2.112900093197822571e-02
1.861791685223579407e-02
