1.099345553666353226e-02
1.138709671795368195e-02
1.063459459692239761e-02
1.038864627480506897e-02
1.189305912703275681e-02
1.212939526885747910e-02
1.014204975217580795e-02
1.083454024046659470e-02
1.096294727176427841e-02
1.206180453300476074e-02
1.037943828850984573e-02
9.847125038504600525e-03
9.817472659051418304e-03
1.023490633815526962e-02
1.104616560041904449e-02
9.689756669104099274e-03
9.920095093548297882e-03
1.112467143684625626e-02
1.178011111915111542e-02
1.152540650218725204e-02
1.152689475566148758e-02
1.130556222051382065e-02
1.009927596896886826e-02
9.789521805942058563e-03
1.210698671638965607e-02
1.141163147985935211e-02
1.120563130825757980e-02
1.112876553088426590e-02
1.207138877362012863e-02
1.269273180514574051e-02
1.203863602131605148e-02
1.091341488063335419e-02
1.113778073340654373e-02
1.050317380577325821e-02
1.125212758779525757e-02
1.068358495831489563e-02
1.247970480471849442e-02
1.191894430667161942e-02
1.180719304829835892e-02
1.250346936285495758e-02
1.148129813373088837e-02
1.011124625802040100e-02
1.083425432443618774e-02
1.212002057582139969e-02
1.127071026712656021e-02
1.074977405369281769e-02
1.099710166454315186e-02
1.179129816591739655e-02
1.133926026523113251e-02
1.053318846970796585e-02
1.163278147578239441e-02
1.578759215772151947e-02
1.356701087206602097e-02
1.430322043597698212e-02
1.204650104045867920e-02
1.155338995158672333e-02
1.366602443158626556e-02
1.203343179076910019e-02
1.204287353903055191e-02
1.246702764183282852e-02
1.621089316904544830e-02
1.306439843028783798e-02
1.232293806970119476e-02
1.595977880060672760e-02
1.552280969917774200e-02
1.143011171370744705e-02
1.168191060423851013e-02
1.342089194804430008e-02
1.332833059132099152e-02
1.198168005794286728e-02
1.166352070868015289e-02
1.123062055557966232e-02
1.169397123157978058e-02
1.163928303867578506e-02
1.211654674261808395e-02
1.419356185942888260e-02
1.614637672901153564e-02
1.404081098735332489e-02
1.236107945442199707e-02
1.546968612819910049e-02
1.205627154558897018e-02
1.148237660527229309e-02
1.243264973163604736e-02
1.554888766258955002e-02
1.047076471149921417e-02
1.227981410920619965e-02
1.121261343359947205e-02
1.151584275066852570e-02
1.162444241344928741e-02
1.126294583082199097e-02
1.162445824593305588e-02
1.215181220322847366e-02
1.049614883959293365e-02
1.168973371386528015e-02
1.129785273224115372e-02
1.432274375110864639e-02
1.217724569141864777e-02
1.045791339129209518e-02
1.106638275086879730e-02
1.211553905159235001e-02
1.047122385352849960e-02
1.124768238514661789e-02
1.089249737560749054e-02
1.219455245882272720e-02
1.076936349272727966e-02
1.405960321426391602e-02
9.730656631290912628e-03
1.185516174882650375e-02
1.285556051880121231e-02
1.287712249904870987e-02
1.145853288471698761e-02
1.245698332786560059e-02
1.158325560390949249e-02
1.260531973093748093e-02
1.385281607508659363e-02
9.750041179358959198e-03
1.131963077932596207e-02
1.361136045306921005e-02
1.055477559566497803e-02
1.147236581891775131e-02
1.182489003986120224e-02
1.026101130992174149e-02
1.102294679731130600e-02
1.053514424711465836e-02
1.153697818517684937e-02
1.019037887454032898e-02
1.086708623915910721e-02
1.159227732568979263e-02
1.100222114473581314e-02
1.249407511204481125e-02
1.011009234935045242e-02
1.249914150685071945e-02
1.020962465554475784e-02
9.886854328215122223e-03
1.209615264087915421e-02
1.013082265853881836e-02
1.151270326226949692e-02
1.081434637308120728e-02
1.268814690411090851e-02
1.322680432349443436e-02
1.126900780946016312e-02
1.064192503690719604e-02
1.208071317523717880e-02
1.034957915544509888e-02
1.271559856832027435e-02
1.033562794327735901e-02
1.128807011991739273e-02
1.063338294625282288e-02
1.328897569328546524e-02
1.044371258467435837e-02
1.175055000931024551e-02
1.060758065432310104e-02
1.116829738020896912e-02
1.281634625047445297e-02
9.908745996654033661e-03
1.059371419250965118e-02
1.159637700766324997e-02
1.113373506814241409e-02
1.026512309908866882e-02
9.411606006324291229e-03
1.062814332544803619e-02
1.155658159404993057e-02
9.948706254363059998e-03
1.062565576285123825e-02
9.613212198019027710e-03
9.745487943291664124e-03
1.173000037670135498e-02
9.323148988187313080e-03
1.147763058543205261e-02
1.117105036973953247e-02
1.056535635143518448e-02
1.047939900308847427e-02
9.806126356124877930e-03
1.105098240077495575e-02
1.027846708893775940e-02
1.053664740175008774e-02
1.003038603812456131e-02
9.957008995115756989e-03
9.525998495519161224e-03
9.777455590665340424e-03
1.157537102699279785e-02
9.874802082777023315e-03
9.896459989249706268e-03
1.122817397117614746e-02
9.259327314794063568e-03
1.025297027081251144e-02
1.089446619153022766e-02
1.070292945951223373e-02
1.069326885044574738e-02
1.050934102386236191e-02
1.008331216871738434e-02
1.064025145024061203e-02
1.001064479351043701e-02
9.924706071615219116e-03
9.410926140844821930e-03
1.223923452198505402e-02
1.232071686536073685e-02
1.015938539057970047e-02
1.163125131279230118e-02
1.076168846338987350e-02
1.111677382141351700e-02
9.712200611829757690e-03
9.487012401223182678e-03
1.035827863961458206e-02
1.034648623317480087e-02
9.700998663902282715e-03
9.000760503113269806e-03
9.998365305364131927e-03
1.017698179930448532e-02
1.020508725196123123e-02
1.029662974178791046e-02
1.170031633228063583e-02
1.065679453313350677e-02
1.048803795129060745e-02
1.530638523399829865e-02
1.407960709184408188e-02
1.081143971532583237e-02
1.158776506781578064e-02
1.213901769369840622e-02
1.143349893391132355e-02
1.148300524801015854e-02
1.317222043871879578e-02
1.035926863551139832e-02
1.226586755365133286e-02
9.896109811961650848e-03
9.621107019484043121e-03
9.412070736289024353e-03
1.094538439065217972e-02
1.126976683735847473e-02
1.190705597400665283e-02
1.045672502368688583e-02
1.080034300684928894e-02
1.216572057455778122e-02
1.058595161885023117e-02
1.117546111345291138e-02
1.025233324617147446e-02
1.087871752679347992e-02
9.390901774168014526e-03
9.352831169962882996e-03
1.057112589478492737e-02
1.086434628814458847e-02
1.172134000808000565e-02
1.141605060547590256e-02
1.031503733247518539e-02
1.061785127967596054e-02
9.702641516923904419e-03
1.004749722778797150e-02
1.324901543557643890e-02
1.061882358044385910e-02
1.198252383619546890e-02
1.030607614666223526e-02
9.268893860280513763e-03
1.175166759639978409e-02
9.981540963053703308e-03
1.134569197893142700e-02
9.308780543506145477e-03
1.041885744780302048e-02
1.086771488189697266e-02
1.015239488333463669e-02
9.150701574981212616e-03
1.122955419123172760e-02
9.954969398677349091e-03
1.005811151117086411e-02
1.549628563225269318e-02
1.228480506688356400e-02
1.410761009901762009e-02
1.441200729459524155e-02
1.197791378945112228e-02
1.381299179047346115e-02
1.020620018243789673e-02
1.097736787050962448e-02
1.107260957360267639e-02
1.100804749876260757e-02
1.084955688565969467e-02
1.158032752573490143e-02
1.050821226090192795e-02
1.022349204868078232e-02
1.086169667541980743e-02
1.125713810324668884e-02
9.907074272632598877e-03
1.003413554280996323e-02
9.611723944544792175e-03
9.479746222496032715e-03
1.028267573565244675e-02
1.063458807766437531e-02
1.033649127930402756e-02
9.375371970236301422e-03
1.029209420084953308e-02
1.108392328023910522e-02
9.981608018279075623e-03
9.480505250394344330e-03
9.662570431828498840e-03
1.053618919104337692e-02
1.072138734161853790e-02
9.910508058965206146e-03
9.662045165896415710e-03
1.194633450359106064e-02
9.862654842436313629e-03
1.172443386167287827e-02
9.606817737221717834e-03
9.655058383941650391e-03
1.074462849646806717e-02
9.970674291253089905e-03
1.035550422966480255e-02
9.822361171245574951e-03
9.892494417726993561e-03
8.913334459066390991e-03
9.504247456789016724e-03
1.115332264453172684e-02
9.292878210544586182e-03
1.139673218131065369e-02
1.157200057059526443e-02
9.920820593833923340e-03
1.033871993422508240e-02
9.331751614809036255e-03
1.019353698939085007e-02
9.604422375559806824e-03
9.110677987337112427e-03
9.487035684287548065e-03
1.106406468898057938e-02
9.350113570690155029e-03
1.234958879649639130e-02
9.688719175755977631e-03
1.024994067847728729e-02
1.083981152623891830e-02
9.054225869476795197e-03
9.716528467833995819e-03
1.081744115799665451e-02
9.882874786853790283e-03
9.696708992123603821e-03
1.105942856520414352e-02
9.344964288175106049e-03
9.511580690741539001e-03
1.003600098192691803e-02
1.005659066140651703e-02
9.354124777019023895e-03
1.059502549469470978e-02
9.725385345518589020e-03
1.102874428033828735e-02
9.369740262627601624e-03
9.973595850169658661e-03
9.172979742288589478e-03
9.440704248845577240e-03
1.080428063869476318e-02
1.019549928605556488e-02
1.041583996266126633e-02
9.037453681230545044e-03
1.083503291010856628e-02
9.263502433896064758e-03
9.269260801374912262e-03
9.548094123601913452e-03
1.286515314131975174e-02
1.006667688488960266e-02
1.097612082958221436e-02
1.017989031970500946e-02
9.718378074467182159e-03
1.060439180582761765e-02
1.006106100976467133e-02
1.054521650075912476e-02
1.220413763076066971e-02
9.536468423902988434e-03
8.728334680199623108e-03
9.340637363493442535e-03
9.952362626791000366e-03
8.864771574735641479e-03
9.513813070952892303e-03
9.625700302422046661e-03
1.152940187603235245e-02
8.826745674014091492e-03
1.058317814022302628e-02
9.354392066597938538e-03
9.722587652504444122e-03
1.054794713854789734e-02
9.193786419928073883e-03
1.101217232644557953e-02
8.900469169020652771e-03
9.625712409615516663e-03
1.018672529608011246e-02
1.016711629927158356e-02
9.069229476153850555e-03
1.085286308079957962e-02
9.719471447169780731e-03
1.066455896943807602e-02
9.950676932930946350e-03
1.134140323847532272e-02
1.049848180264234543e-02
1.060865726321935654e-02
1.080362685024738312e-02
9.405265562236309052e-03
1.007594726979732513e-02
9.699114598333835602e-03
1.070649828761816025e-02
1.091681513935327530e-02
1.226974651217460632e-02
1.011714618653059006e-02
1.041246671229600906e-02
9.835570119321346283e-03
1.001922320574522018e-02
1.009421516209840775e-02
1.010549720376729965e-02
9.157854132354259491e-03
1.105574332177639008e-02
1.109472475945949554e-02
9.079938754439353943e-03
9.645722806453704834e-03
1.013043522834777832e-02
1.159519329667091370e-02
1.001612469553947449e-02
1.063829194754362106e-02
1.016970258206129074e-02
9.349451400339603424e-03
1.094332057982683182e-02
1.023169979453086853e-02
8.719092234969139099e-03
9.426545351743698120e-03
9.012067690491676331e-03
9.780349209904670715e-03
1.290368754416704178e-02
1.006607059389352798e-02
1.021202281117439270e-02
9.612778201699256897e-03
1.002684887498617172e-02
1.051500532776117325e-02
9.512660093605518341e-03
1.205052062869071960e-02
9.137956425547599792e-03
1.073836535215377808e-02
9.433941915631294250e-03
9.114771150052547455e-03
1.009828224778175354e-02
1.122060790657997131e-02
9.782826527953147888e-03
9.778047911822795868e-03
1.006352528929710388e-02
8.941006846725940704e-03
9.289296343922615051e-03
1.039837300777435303e-02
9.064513258635997772e-03
9.912277571856975555e-03
8.730835281312465668e-03
1.060199365019798279e-02
1.037573721259832382e-02
8.642640896141529083e-03
9.483018890023231506e-03
9.071908891201019287e-03
9.219070896506309509e-03
9.880543686449527740e-03
9.436806663870811462e-03
8.967305533587932587e-03
8.906975388526916504e-03
9.695470333099365234e-03
1.024878025054931641e-02
9.698605164885520935e-03
1.130332704633474350e-02
9.508698247373104095e-03
9.330009110271930695e-03
9.721882641315460205e-03
9.392650797963142395e-03
9.590676054358482361e-03
1.169753726571798325e-02
9.959283284842967987e-03
1.048941630870103836e-02
1.099365763366222382e-02
1.263314764946699142e-02
9.889281354844570160e-03
9.994096122682094574e-03
9.742652997374534607e-03
9.466055780649185181e-03
1.087634079158306122e-02
1.217999681830406189e-02
1.148893032222986221e-02
1.022466458380222321e-02
9.929476305842399597e-03
1.177315227687358856e-02
1.015534624457359314e-02
9.620199911296367645e-03
1.007007248699665070e-02
9.461889043450355530e-03
1.118545606732368469e-02
9.217659942805767059e-03
8.762883953750133514e-03
9.248829446732997894e-03
9.841197170317173004e-03
9.827669709920883179e-03
1.181124150753021240e-02
8.984914980828762054e-03
9.590549394488334656e-03
1.050056237727403641e-02
1.092060375958681107e-02
1.018340606242418289e-02
9.647452272474765778e-03
1.079061627388000488e-02
9.482351131737232208e-03
1.081470772624015808e-02
1.235679350793361664e-02
1.300237420946359634e-02
1.482572779059410095e-02
1.411219779402017593e-02
1.246955990791320801e-02
1.110996305942535400e-02
1.398825738579034805e-02
1.243749167770147324e-02
1.353194285184144974e-02
1.162867434322834015e-02
1.403199043124914169e-02
1.405624393373727798e-02
1.244932226836681366e-02
1.154233794659376144e-02
1.204449869692325592e-02
1.196315977722406387e-02
1.375928707420825958e-02
1.254521124064922333e-02
1.238169148564338684e-02
1.035025157034397125e-02
1.178763527423143387e-02
1.076961122453212738e-02
1.035247277468442917e-02
1.070188172161579132e-02
1.002402603626251221e-02
1.072625163942575455e-02
1.024182420223951340e-02
1.094367913901805878e-02
1.052032783627510071e-02
1.241863518953323364e-02
1.502543035894632339e-02
1.304086111485958099e-02
1.036291196942329407e-02
9.703593328595161438e-03
9.858832694590091705e-03
9.898210875689983368e-03
1.033350918442010880e-02
1.035658270120620728e-02
9.129183366894721985e-03
9.198963642120361328e-03
1.014393754303455353e-02
1.238462142646312714e-02
1.049046404659748077e-02
1.031891629099845886e-02
1.014377828687429428e-02
9.629099629819393158e-03
1.217116322368383408e-02
9.166695177555084229e-03
1.022458449006080627e-02
1.264134142547845840e-02
9.684775955975055695e-03
1.136301178485155106e-02
1.053640991449356079e-02
1.055313087999820709e-02
1.065387204289436340e-02
1.283732708543539047e-02
9.498814120888710022e-03
1.070382352918386459e-02
9.930079802870750427e-03
1.008249539881944656e-02
1.023995038121938705e-02
9.670529514551162720e-03
1.111214142292737961e-02
9.627141989767551422e-03
1.078067068010568619e-02
9.245922788977622986e-03
9.499003179371356964e-03
1.055707968771457672e-02
1.216053031384944916e-02
9.311277419328689575e-03
1.119787525385618210e-02
1.049502007663249969e-02
1.073476392775774002e-02
9.728129953145980835e-03
1.104812510311603546e-02
9.574175812304019928e-03
9.055336005985736847e-03
9.762758389115333557e-03
1.341912057250738144e-02
9.911385364830493927e-03
9.945063851773738861e-03
1.016698218882083893e-02
9.567688219249248505e-03
1.093008369207382202e-02
9.245976805686950684e-03
8.703495375812053680e-03
1.002071704715490341e-02
9.587048552930355072e-03
9.668928571045398712e-03
8.951373398303985596e-03
9.102722629904747009e-03
9.317949414253234863e-03
9.360590018332004547e-03
1.003655605018138885e-02
9.360272437334060669e-03
9.797227568924427032e-03
9.380299597978591919e-03
1.001385878771543503e-02
8.752587251365184784e-03
9.465062059462070465e-03
8.979253470897674561e-03
9.550592862069606781e-03
8.999296464025974274e-03
1.064326800405979156e-02
1.128807011991739273e-02
9.846052154898643494e-03
1.032510213553905487e-02
9.925709106028079987e-03
8.803998120129108429e-03
1.036795321851968765e-02
1.004132069647312164e-02
1.102704182267189026e-02
1.201290637254714966e-02
9.588958695530891418e-03
9.046248160302639008e-03
9.724608622491359711e-03
9.058627299964427948e-03
1.070553343743085861e-02
1.019549183547496796e-02
1.029163412749767303e-02
9.539875201880931854e-03
9.399445727467536926e-03
9.282422251999378204e-03
9.129313752055168152e-03
1.127898879349231720e-02
9.635850787162780762e-03
9.614127688109874725e-03
8.981820195913314819e-03
9.088150225579738617e-03
8.418517187237739563e-03
1.022254303097724915e-02
1.104104053229093552e-02
8.526858873665332794e-03
8.408221416175365448e-03
9.761160239577293396e-03
1.227367110550403595e-02
9.676254354417324066e-03
9.032222442328929901e-03
8.850368671119213104e-03
8.789333514869213104e-03
9.721301496028900146e-03
9.146715514361858368e-03
9.615828283131122589e-03
1.012570597231388092e-02
1.001295913010835648e-02
8.932154625654220581e-03
9.934792295098304749e-03
1.096003782004117966e-02
1.083326525986194611e-02
1.013197470456361771e-02
1.112779695540666580e-02
8.452793583273887634e-03
1.043299026787281036e-02
9.468424133956432343e-03
1.006873883306980133e-02
9.754830971360206604e-03
9.891967289149761200e-03
8.577426895499229431e-03
9.195149876177310944e-03
8.805909194052219391e-03
1.073664054274559021e-02
9.425277821719646454e-03
9.237451478838920593e-03
1.083548367023468018e-02
9.801069274544715881e-03
1.051407493650913239e-02
8.901866152882575989e-03
8.844600059092044830e-03
8.616049773991107941e-03
9.572411887347698212e-03
9.509943425655364990e-03
9.895847178995609283e-03
8.531682193279266357e-03
9.504944086074829102e-03
9.723804891109466553e-03
8.659431710839271545e-03
9.360801428556442261e-03
8.825413882732391357e-03
8.918593637645244598e-03
9.252898395061492920e-03
8.719563484191894531e-03
8.461395278573036194e-03
9.252279996871948242e-03
8.658161386847496033e-03
8.764865808188915253e-03
1.004520896822214127e-02
8.977618999779224396e-03
8.708353154361248016e-03
9.841321967542171478e-03
9.652461856603622437e-03
8.706060238182544708e-03
1.006501261144876480e-02
9.053675457835197449e-03
1.067772787064313889e-02
1.190371066331863403e-02
8.540065027773380280e-03
1.051431708037853241e-02
1.042747776955366135e-02
1.077562104910612106e-02
9.724471718072891235e-03
1.194497942924499512e-02
9.463836438953876495e-03
1.086665876209735870e-02
1.080084685236215591e-02
8.626496419310569763e-03
9.374325163662433624e-03
9.738817811012268066e-03
1.006458234041929245e-02
9.924434125423431396e-03
9.585291147232055664e-03
9.024930186569690704e-03
9.866303764283657074e-03
9.845506399869918823e-03
9.534296579658985138e-03
9.117302484810352325e-03
1.034523174166679382e-02
8.984485641121864319e-03
9.431127458810806274e-03
1.135898847132921219e-02
9.019601158797740936e-03
9.086886420845985413e-03
8.928520604968070984e-03
9.682938456535339355e-03
1.038310304284095764e-02
9.166311472654342651e-03
8.538164198398590088e-03
9.280811995267868042e-03
8.956969715654850006e-03
8.787428960204124451e-03
9.834971278905868530e-03
8.639527484774589539e-03
1.067732088267803192e-02
9.079083800315856934e-03
1.056120172142982483e-02
1.052890717983245850e-02
9.183958172798156738e-03
9.397627785801887512e-03
9.236769750714302063e-03
9.498921222984790802e-03
8.720819838345050812e-03
1.185249071568250656e-02
8.085560984909534454e-03
9.113004431128501892e-03
8.693011477589607239e-03
8.567141368985176086e-03
9.849119931459426880e-03
8.772150613367557526e-03
9.219114668667316437e-03
1.024593040347099304e-02
8.713693358004093170e-03
1.038154214620590210e-02
9.229228831827640533e-03
1.113373041152954102e-02
1.033772528171539307e-02
1.068933680653572083e-02
9.401517920196056366e-03
1.035730075091123581e-02
9.739272296428680420e-03
8.931990712881088257e-03
9.246347472071647644e-03
9.755270555615425110e-03
1.091588847339153290e-02
8.990321308374404907e-03
9.450517594814300537e-03
1.036599744111299515e-02
1.286709122359752655e-02
1.158047094941139221e-02
1.075089164078235626e-02
1.030580420047044754e-02
1.324454043060541153e-02
1.205861754715442657e-02
1.598761603236198425e-02
1.943298056721687317e-02
1.411214191466569901e-02
1.958659291267395020e-02
1.700209453701972961e-02
1.506129559129476547e-02
1.344017125666141510e-02
1.138303149491548538e-02
1.370709203183650970e-02
1.504200231283903122e-02
1.589501835405826569e-02
1.321264635771512985e-02
1.169867347925901413e-02
1.307617407292127609e-02
1.542219705879688263e-02
1.122551597654819489e-02
1.134530268609523773e-02
1.133999042212963104e-02
1.193690858781337738e-02
1.671325415372848511e-02
3.349945694208145142e-02
2.681337669491767883e-02
2.059857174754142761e-02
1.699781604111194611e-02
1.844976656138896942e-02
2.181763760745525360e-02
1.794880442321300507e-02
1.924847997725009918e-02
1.859872043132781982e-02
1.996772550046443939e-02
1.999363675713539124e-02
1.472409442067146301e-02
1.503343321382999420e-02
1.867436803877353668e-02
1.891575567424297333e-02
1.620363630354404449e-02
1.578886806964874268e-02
1.848480477929115295e-02
1.463033258914947510e-02
1.642025448381900787e-02
1.592409797012805939e-02
1.905787736177444458e-02
1.392285618931055069e-02
1.838005334138870239e-02
1.752676814794540405e-02
1.969551295042037964e-02
1.841592788696289062e-02
1.738465018570423126e-02
1.396458968520164490e-02
1.593878492712974548e-02
1.310073770582675934e-02
2.140605635941028595e-02
1.561263762414455414e-02
1.157592516392469406e-02
2.135953493416309357e-02
1.697916351258754730e-02
1.759969629347324371e-02
1.654610596597194672e-02
1.501836907118558884e-02
1.705127581954002380e-02
1.580065116286277771e-02
1.449171360582113266e-02
2.014496177434921265e-02
1.322586089372634888e-02
2.047844417393207550e-02
1.787412911653518677e-02
1.757291331887245178e-02
1.596026867628097534e-02
1.527344342321157455e-02
1.341369748115539551e-02
1.459798216819763184e-02
1.677606068551540375e-02
1.471059955656528473e-02
1.280376967042684555e-02
1.107678003609180450e-02
1.405790075659751892e-02
1.372643187642097473e-02
1.787139102816581726e-02
1.701962389051914215e-02
1.506578736007213593e-02
1.431522238999605179e-02
1.645586453378200531e-02
1.349577773362398148e-02
1.291079632937908173e-02
1.525948662310838699e-02
1.193176768720149994e-02
1.349532417953014374e-02
1.306583825498819351e-02
1.281664613634347916e-02
1.115985773503780365e-02
1.307375542819499969e-02
1.539388950914144516e-02
1.319217775017023087e-02
1.291007082909345627e-02
1.298992335796356201e-02
1.219063252210617065e-02
1.132280752062797546e-02
1.636981032788753510e-02
1.204373501241207123e-02
1.126886252313852310e-02
1.158282440155744553e-02
1.065800804644823074e-02
1.373840402811765671e-02
1.459966972470283508e-02
1.246203854680061340e-02
1.093195937573909760e-02
1.474886201322078705e-02
1.075658202171325684e-02
1.162869017571210861e-02
1.193916331976652145e-02
1.252736896276473999e-02
1.242084242403507233e-02
1.270646508783102036e-02
1.110100094228982925e-02
1.298294588923454285e-02
1.278732251375913620e-02
1.333354692906141281e-02
1.175696123391389847e-02
1.051815506070852280e-02
1.037901267409324646e-02
1.083514094352722168e-02
1.122824940830469131e-02
1.036076620221138000e-02
1.130410935729742050e-02
1.300668902695178986e-02
1.099663693457841873e-02
8.992843329906463623e-03
1.155104022473096848e-02
1.133384183049201965e-02
1.064124424010515213e-02
9.563080035150051117e-03
1.001313328742980957e-02
9.492306970059871674e-03
1.101298630237579346e-02
9.463709779083728790e-03
9.792041033506393433e-03
1.040811650454998016e-02
1.063713803887367249e-02
1.143630780279636383e-02
1.064501982182264328e-02
1.116167567670345306e-02
9.645771235227584839e-03
1.007218286395072937e-02
9.228120557963848114e-03
1.090710889548063278e-02
1.038673333823680878e-02
1.007310580462217331e-02
1.103938557207584381e-02
8.950837887823581696e-03
1.173382066190242767e-02
8.844736963510513306e-03
1.092000957578420639e-02
1.171204447746276855e-02
1.141292601823806763e-02
1.066751033067703247e-02
1.107669249176979065e-02
9.333321824669837952e-03
9.783044457435607910e-03
9.474059566855430603e-03
1.089684199541807175e-02
9.404958225786685944e-03
1.023359131067991257e-02
1.071245595812797546e-02
1.059169787913560867e-02
8.901865221560001373e-03
9.205704554915428162e-03
1.078307162970304489e-02
1.035660784691572189e-02
9.301016107201576233e-03
1.215120498090982437e-02
9.560886770486831665e-03
1.016102544963359833e-02
8.789212442934513092e-03
9.470707736909389496e-03
9.223035536706447601e-03
8.981063961982727051e-03
9.045273996889591217e-03
8.606366813182830811e-03
9.083075448870658875e-03
9.185854345560073853e-03
8.853881619870662689e-03
8.857799693942070007e-03
1.003070082515478134e-02
8.876342326402664185e-03
1.061865594238042831e-02
9.019705466926097870e-03
9.168468415737152100e-03
9.861914440989494324e-03
9.126060642302036285e-03
8.921363390982151031e-03
8.493228815495967865e-03
1.018053572624921799e-02
8.568971417844295502e-03
1.012103632092475891e-02
8.667007088661193848e-03
8.395885117352008820e-03
8.514883928000926971e-03
9.205665439367294312e-03
1.172331720590591431e-02
9.397766552865505219e-03
1.095337513834238052e-02
1.204083394259214401e-02
8.555775508284568787e-03
8.299367502331733704e-03
9.137022309005260468e-03
8.834316395223140717e-03
8.874559774994850159e-03
9.415432810783386230e-03
1.083614118397235870e-02
1.052092295140028000e-02
9.669168852269649506e-03
1.189235970377922058e-02
9.624721482396125793e-03
1.077251788228750229e-02
1.112690940499305725e-02
9.473283775150775909e-03
9.128728881478309631e-03
9.873997420072555542e-03
1.017553079873323441e-02
1.069321203976869583e-02
9.826042689383029938e-03
9.389994665980339050e-03
1.058131828904151917e-02
8.836166933178901672e-03
1.187630090862512589e-02
1.001847069710493088e-02
1.094424817711114883e-02
8.716113865375518799e-03
8.776516653597354889e-03
9.901591576635837555e-03
9.336828254163265228e-03
1.008236501365900040e-02
1.122424565255641937e-02
1.015251409262418747e-02
1.204156503081321716e-02
9.625692851841449738e-03
8.954452350735664368e-03
8.648458868265151978e-03
8.826922625303268433e-03
9.926110506057739258e-03
9.754107333719730377e-03
9.028761647641658783e-03
9.290612302720546722e-03
9.624980390071868896e-03
8.819011040031909943e-03
1.141192484647035599e-02
1.121284812688827515e-02
9.762481786310672760e-03
1.072424557060003281e-02
9.522834792733192444e-03
9.230929426848888397e-03
1.021818071603775024e-02
9.307561442255973816e-03
9.298141114413738251e-03
9.025737643241882324e-03
9.632753208279609680e-03
8.411351591348648071e-03
9.264260530471801758e-03
9.671095758676528931e-03
9.222925640642642975e-03
1.138491556048393250e-02
9.543132968246936798e-03
9.662854485213756561e-03
8.734392002224922180e-03
8.180268108844757080e-03
9.499317966401576996e-03
1.055057346820831299e-02
8.489518426358699799e-03
8.787574246525764465e-03
8.470753207802772522e-03
9.184472262859344482e-03
8.102804422378540039e-03
8.932979777455329895e-03
8.983975276350975037e-03
9.117306210100650787e-03
1.098281051963567734e-02
1.020328886806964874e-02
9.122395887970924377e-03
8.498258888721466064e-03
8.514182642102241516e-03
8.580144494771957397e-03
1.002914085984230042e-02
9.388557635247707367e-03
9.326237253844738007e-03
1.148141734302043915e-02
